20806684835.18 
42942623038.90 58672783363.46 97666715266.05 67434786232.75 93788101840.40 154477648533.64 154914393053.97 174676058847.96 165611419192.67 212471537643.14 257807140826.24 311612654647.37 300598361272.29 344210676000.74 407616052303.55 19631375108.13 564704746191.30 407954918869.53 843788361770.80 1096021914059.45 
483594228252.76 327493704128.91 576388827992.45 515823019391.00 558863509091.23 579554794097.47 620201924351.13 361581470232.24 619939315741.55 560702999502.18 687081968622.37 121813856905.53 860276159608.09 1203642135692.14 205540699897.81 1540648307519.16 815909837739.06 837381149258.51 229092234894.14 88251817560.68 
696074928094.34 1740742309828.14 943366535175.95 1525568016916.84 925427364871.87 1236540214097.16 1759172396744.98 260872617398.68 1619399093478.38 1156116044529.20 1116508199011.35 1137848535224.13 1159450822050.25 454412182094.52 85879866223.33 765759085570.35 905812132333.60 1297224168249.08 1261819534569.80 1018701383113.94 
619161122891.14 2056864751412.55 1411196460479.83 409188932883.56 1400423644479.66 1687017270374.47 1460049183322.53 1442664459298.35 1502991806361.43 1484376404767.05 1518104002634.35 1405429799949.54 1304922988195.89 1607108162704.17 2735902599166.80 1816464084347.11 1685392699513.59 1673660287501.27 1723047878383.00 1272410346982.05 
2368225471311.87 1876798829117.18 1724355377882.41 899728866583.95 1673713974308.55 1726921086039.95 2088334950102.30 5387793903083.05 1925323535454.48 3570919890316.96 2900181909466.68 2720771012575.49 2018303282828.21 1605376841810.27 1798801009084.80 1754786246226.54 1639832002735.00 2125659840425.45 2139729507000.30 1532572935931.52 
2583484746544.60 2338818140183.18 2126456133369.55 3667004306451.09 529336574130.36 2406356313682.26 2799216520376.08 1616360570652.05 1962211617608.76 2322408390805.68 2404786890178.29 3117931927088.80 1979634841102.36 2586267595819.15 2490672136256.09 2523558953499.46 2131919375270.03 2555086070814.43 3042306314795.77 2485024528262.98 
2619500005372.78 2771283575634.93 2659561972485.23 2630015224816.00 2785022445725.91 2726856562970.03 2748327874489.48 4712025106486.37 2791270497528.37 2825986902192.05 3808970217002.55 2754246298516.85 2762520166112.98 2631464390914.79 684824717080.75 4895591553112.76 3073417041895.74 880815097951.39 2628204389312.45 1109637731907.14 
2535689661745.27 2440480078824.09 3203197257261.21 3007323379499.52 5408498872474.76 3543581940022.71 1652688245528.67 3280640341045.40 3000364561621.65 5927573450938.33 270298768757.25 2863840944723.44 3256600407883.36 3392353324752.05 5322633023540.10 2433879671522.78 3766468656797.15 4350024331362.30 3435409843111.84 6329294092754.32 
3473786279607.05 3563299962384.92 3784203842024.10 129252893.77 3087179221125.93 5140931772254.50 3897077810378.68 5234035216671.34 4047986252237.45 3768917880880.04 3693065581345.23 2515529617393.50 3539582623912.00 6110864386597.51 5207771645103.23 3800422138942.48 3431094809523.86 5178002722361.13 1722953666776.97 3258029751411.86 
4817341490481.95 262177110993.77 5162232570255.96 1542313089459.70 3168781068237.35 4010787659159.02 4218267110113.64 7041990232582.15 4196753814127.40 4523936108299.28 3875499843867.98 2625999892213.46 4165434434773.11 5044887040433.89 4827127729760.51 3800644243885.48 4210600039590.23 4784494613398.36 4481881616431.30 4239000357002.17 
4337204926928.70 4470053041790.12 6660455009608.39 4015023570313.04 3529589870757.55 74672717598.13 894919798799.53 11748917604003.34 4488341127690.00 4530446730603.74 4561160409653.86 138323593445.78 3747160947077.92 3693270068370.51 4840198248451.05 706280673359.60 2165495727235.48 4231532175885.32 4943769086986.55 3422005689247.51 
4766631157317.68 4735745660601.88 6206287542685.32 8552244824631.03 6054365775098.51 5125959402394.33 4895459026434.38 3416849878078.41 119233212179.42 4910987796909.10 6364846502397.31 1420174214718.01 2474043883369.76 5205304869512.16 5137502958360.44 5019684223824.89 5110172141628.87 5872763334825.39 865057664806.32 5175220672565.59 
5523857800494.48 6131715893664.74 1101817203341.12 3957482411990.99 5825140194690.09 1715952132351.72 5117011560823.66 5346356568342.81 5291417268071.25 4866571908244.09 5396109031110.86 8144955051040.45 5453713125940.05 5419311971111.95 518144149381.50 5491860532251.07 4497603923099.91 5309539607405.66 8196847000495.27 4848295544721.90 
5762414068204.12 5873232345177.06 8978664851835.00 5203516208678.50 2980043754341.39 5734292141752.86 5023602676461.43 4166621353433.48 3422914226420.76 6372949261210.03 5840196733290.13 10568516420141.37 5146133626303.30 6061392833106.96 11477591572349.92 1114531496436.55 5200083420350.56 6783796802170.33 7259062472144.00 3270751525870.93 
501756628672.74 11880090697502.97 6459873723661.93 5615305878088.01 5723749304323.20 6061910050024.70 6642060369649.85 6454575252085.12 6516963903531.21 6196085443399.51 6269622963679.11 10545794763820.33 6268041920787.40 6322759699097.54 6355508209756.91 6037998721404.30 5251806920051.29 3579396186455.06 8102022940177.35 5361842598669.78 
6536746135904.76 7272959255208.51 10649019756012.64 6795347293248.26 6570221324951.40 5856957869465.27 6539858228176.50 15772240825396.70 7267963508175.06 6211981634937.41 6651090487178.56 3817440865024.54 4286816323074.89 9302817609448.60 6292048026230.42 10933226893862.52 6913713899944.11 5314101145130.80 6514700744841.61 6659796154915.94 
6292768269392.81 6935674352005.27 6596680354770.33 6978176243820.93 6978087518455.02 11635334702005.90 6471750208611.99 6679250524395.28 10902548591381.69 7111160272073.58 7340262437452.89 2996822164160.19 3869113725761.98 4281054350232.13 7339822310245.24 1053083140790.05 2563608955984.59 6880370588763.94 7300245916612.67 9574282046719.08 
6867600733374.32 15085062682379.37 7386131162690.46 1123738543375.21 14951082576435.31 7711224276721.20 1000610378695.75 6700497128405.34 2278049774907.87 5246059627121.24 7766043239882.44 6910552700895.09 7129980555771.75 10443063064009.31 9658369902061.04 7503163178833.51 7378887226722.40 8169386564587.39 9118709215336.93 15356157718950.40 
8020707727123.16 1021941256748.96 7815557393079.44 5809111207792.91 7194729134373.11 7879971327637.79 6910340578355.20 8042283605384.21 8493021155585.83 7848220984374.11 8108635796868.85 8034852406929.89 8030270508273.94 8051741819793.38 7553922343794.84 14204129204379.46 99738605148.23 8137627065871.18 8159098377390.63 6312660283141.58 
6904560488050.61 8223512311948.97 6651836733483.99 5084630110051.55 3410334756363.62 8309397558026.77 11198480120680.04 4775707865493.15 7012053641299.98 8479910720433.47 10939491382480.80 153722080847.66 7531638495191.71 11689495644459.11 8502639361701.81 5636657172123.63 6790164841519.04 10134315849189.10 970620181678.21 12962805509371.73 
8631467230818.51 8794900469374.35 13978551606960.68 8313238506243.41 8717352476896.30 9051098733055.02 8568633682504.70 213936891.57 8737899399729.65 6895958777376.04 9059268066817.39 7985898204610.60 8846741674643.80 8710875389284.50 9096725850645.72 8899729570305.97 11102740390100.20 8343158480566.37 9055390180429.12 6826314705032.77 
9032949928121.83 8625968932523.00 9103836084246.39 7264344576543.59 6085025795302.54 3139240725346.82 12441518181444.39 5832402587342.94 9722676059782.32 9204284724418.20 10947747505437.74 611004548515.16 8822255076843.98 9873454620505.21 9355412876867.99 5394893224628.71 7341512114526.62 9386844907410.17 9447377068557.57 10104242526279.92 
8123476660976.93 10248979632843.97 3613824784860.16 9554733626154.81 2053556711201.70 9805950021507.24 12821720827749.91 11816856496719.36 9836694335272.42 10515371097654.80 9127819259335.30 7045259107899.75 11254667586505.71 9883026776818.30 9624169202167.73 19540581884764.12 11476327436613.23 9855331987427.10 4632733844012.19 3895254177799.19 
8524169302092.19 7385394515461.14 10510341138051.93 4600903228233.67 8571511440507.82 5316078640860.13 9750275280887.58 24637743918233.23 9809372558563.98 10112987725660.49 5650913934195.04 366313496651.23 17830273890235.12 8756337470978.11 10220344283257.73 4305643695727.96 10123637066573.06 13175123546188.86 8751104852107.08 5318669815178.07 
10349172152374.43 9928015163358.06 10392114775413.32 4544543483194.45 8937171096228.31 10336341231880.43 17986616615023.23 3079564480601.08 5674981756016.82 13639963018616.50 9551972695145.54 3764145304412.72 4969465335100.17 10628299202127.27 10427109590295.72 12590288540969.93 11378591041144.63 8878725599991.07 11264775441392.22 
