21242615561.65 
26870893254.33 34664582323.80 41634789369.92 42636366593.77 42749947601.72 46214141903.57 45049895981.56 52104652942.15 69603041843.04 84207349094.55 78658281529.05 70262916719.96 74596933553.35 67791803003.11 77391617047.21 77559952549.12 111508121935.37 134090069191.19 130222779617.46 106105022574.42 
107289504803.10 108501528335.77 104194924433.05 129347930504.45 178311902178.34 182560244363.37 182790929894.63 149611412199.63 152626842686.81 159375461449.64 163369033221.21 148162780741.59 210601014378.06 255971554073.95 240369434938.02 183413051105.12 174597892463.51 185614881236.08 209709252232.57 191913760479.22 
270654694084.10 271989220556.76 272061133304.51 252711827737.99 222213631908.75 207474878231.70 225135165226.84 210754383914.93 315415376734.05 332620759043.43 357955702057.50 258609051245.20 267668131082.77 261274617980.40 319610685378.56 314273962650.36 402742111145.25 446850899234.84 367280462565.33 340012450225.81 
315393243967.34 288529036892.92 362212277389.77 369350171220.48 431856625044.09 506401699559.03 465671993968.26 322957399681.07 367235005931.69 333061954858.74 413635029192.07 317769668327.65 440326043071.92 527778040069.26 444246918819.80 345955193947.89 322288585461.69 409809782733.57 369978974301.79 357750942763.69 
489604847402.71 546820579806.06 600321829286.27 427272955832.09 426045784438.52 427951695752.69 456148105814.66 403440939196.39 596186862247.89 587871983407.93 601091882089.66 523095356146.98 531669675336.69 459794038002.67 493919995327.37 458521894439.21 525594999936.50 687339856348.70 593278940345.33 522168144000.31 
467227137824.78 420892074817.24 475924400252.04 465457056503.66 602086460693.89 819418412707.22 725825546753.89 571682703414.34 496757835305.52 510572203094.06 579532041281.34 482756748685.86 655845158449.20 825523784941.61 699901900798.59 658123668224.94 530381409741.19 527039056595.00 602056732799.99 602901256066.53 
747838525502.68 983231289148.05 654282966928.10 744535483810.60 627993156146.55 665879598263.70 643334927256.22 577342993776.39 870297235081.65 973830410677.65 882263973802.30 599956757247.64 709133451767.94 758184018309.46 768575016274.44 703519134265.72 789033581076.58 991857542201.19 1045216522650.98 609561568446.03 
693953916239.69 567108494583.94 761512058717.32 697152055841.54 828705062876.53 1170109944131.48 987786248320.17 831545820673.24 809111384137.57 816958239550.45 704818422562.57 753413944998.26 995475766167.22 1165710507839.51 1098610449433.14 813438273066.63 849289507765.76 752145014280.48 873932389509.08 778491004765.34 
1096471519646.12 1065142183198.81 1258773888544.94 818558162222.83 766375696510.76 710370669866.43 778188834201.52 762753871018.37 1031738363019.46 1271105897112.73 1095128212700.60 882405603684.70 861879261544.43 741798234011.02 899630443904.39 846158676755.79 1125105278360.53 1121620822646.04 1216200920872.68 1028556177112.13 
953184974081.42 948366604947.98 949434714170.75 806519309577.67 1150425400351.80 1335267836156.30 1284910143157.14 945026797723.61 971230763347.03 932432995058.86 896394259390.26 1023939743769.44 1278403402859.67 1456812156465.96 1225002680263.32 1084113322978.22 989133756690.16 973766759887.70 966943531908.18 890888226101.18 
1333482715494.29 1429726545258.94 1462136502893.10 975885696992.54 969024954560.91 955628804721.01 1072824353222.28 1124069441766.15 1203540847820.68 1345664487169.60 1470631786867.76 1266670004416.33 924973118246.62 936763837418.45 1120967273160.11 915495194519.99 1406262657478.44 1624129196058.46 1343141026744.81 1132294392432.14 
1032490416388.90 1145243711561.23 1155689491898.33 1115876498321.88 1321079564748.22 1435308325801.81 1577221807862.85 1277313570530.42 1079155015339.31 1235308646234.92 1183113200287.14 1142126986592.92 1481696959579.35 1549165324085.12 1517292248718.17 1152278147360.02 1150754147922.68 1145076537310.38 1090210928045.00 1076397538366.95 
1535310648003.65 1739587814510.58 1388991163645.26 1502445990616.60 1127011834490.95 1170291857788.18 1082376423880.61 1183094060790.54 1553954317080.08 1672315901230.67 1797550516914.14 1301146846351.43 1261326033545.83 1123020594467.82 1295713260790.86 1122898565167.32 1554542941066.07 1694158194786.31 1734261089379.25 1283464732276.10 
1220893025902.78 1250736715889.85 1275820848806.80 1220316703410.84 1663602723169.73 1741103079480.61 1752542428782.96 1316551844286.59 1509344842033.64 1644252866960.31 1344321577542.42 1395294022292.45 1928504116813.89 2151458922528.80 1554199906027.78 1428241313944.26 1358866887171.81 1367038866840.80 1570505218911.86 1275874253977.05 
1973387068275.01 1927302544097.28 1993294009143.51 1532894366805.24 1587859838222.94 1422035193278.47 1598089208369.29 1388809743340.42 1758418671942.13 2189059075241.75 1966633245193.33 1689725498968.86 1347510034317.60 1318206497442.89 1399482888315.49 1416762278981.48 1927537450300.08 1876038752071.41 2070716423474.52 1551860976828.23 
1493435978015.08 1618514174019.47 1643906926160.88 1620086230872.20 2018548817794.21 2213896386335.12 2293863953103.66 1663082904778.02 1331080956240.38 1503152803742.98 1613543180842.61 1670635193007.93 1961654323985.20 2243257051485.61 1819393130064.66 2019320550530.28 1525897829958.44 1741106769419.06 1378341593419.42 1611082561381.62 
2171234727968.84 2436459049655.06 1934226260294.93 1832135861091.85 1720349277230.35 1712177938022.32 1733915318371.86 1647176766033.88 1905814574093.78 2470742031181.59 2333840173611.72 1691814826383.96 1532626727947.71 1496569359927.51 1862127328262.54 1393626835136.92 1895270763316.31 2473831795652.04 2183889922730.84 1862732077868.88 
1600148648270.34 1612369672207.52 1553732361560.85 1691470357993.59 2276003906521.39 2247094842287.40 2367103087929.42 1878870226220.12 1690314058833.62 1832364100652.99 1843097885319.94 1748437056543.13 2455904291914.27 2607249385261.64 2540013664544.72 1958026496162.13 1951106236830.68 1674436201421.84 2072538494838.53 1937105787162.94 
2380515745518.64 3043341832704.24 2500467325328.85 2172458954236.02 1864560604747.99 1890610878262.72 1950084145919.09 2117646566864.57 2587599201741.34 2639936634738.65 2831602022594.64 1742672261258.54 1791144914502.50 1774627353169.76 2171098952388.89 1619778045946.58 2213555550126.95 2469798689743.90 2386818512137.72 1966325869316.29 
1711499846203.20 1820316288429.07 2070827501688.02 1693747649736.76 2597745023731.40 2899289929295.56 2563161415694.78 1899171032872.21 1748593023996.80 1543253397228.08 1951006841507.78 1866807797329.71 2627537349162.09 2871953159885.91 2453699774296.72 2242711310359.38 1809301618733.09 2078831378907.97 1858159699785.56 1941325091065.98 
2807506841171.39 2681541606996.74 2410487291824.06 2134239737298.61 2088944196233.17 1793542639073.21 2139827946962.20 1867880503271.96 2838564548895.97 2955027069889.47 2895704254881.20 2076159080106.03 2006709944242.51 1559537540610.10 1952560265329.88 1993005031626.57 2718277080843.60 2722222719575.34 2557658312328.09 2235939790658.86 
1725085582703.09 1791621876586.75 1961722101948.88 2085833445718.70 3017783504585.58 2871378745728.50 2595187900149.57 2757744450001.06 2082012788954.90 2082013366639.27 2161331815215.11 2338993586247.64 2848868386125.74 3075655265430.97 2555859899682.01 2176089534330.38 1915334104119.06 2008309664136.60 2053985963092.60 2243493170782.46 
2933486164710.25 2934731458825.58 2875755664864.84 2393508327023.98 2358093836692.27 1877553718793.60 2405421047798.56 2306070839828.30 2775798616175.99 3219330865670.92 2723780194461.66 2715379782628.27 1923730941844.05 2782417860426.06 2046730603927.41 2604112004203.35 2822142756939.62 3157036897324.28 3115634800586.11 2576291486475.62 
2369439849041.35 2101429727272.29 2391505691759.61 2317583511241.24 3321422306252.22 2907689849729.31 3301184448088.30 2238503888928.83 2110689291711.21 2276484572131.05 2131731341338.87 2449554910889.92 3282607915814.29 3641597341311.73 3481292449695.93 2549957153839.98 2777800136840.10 2272620520073.21 2675680943245.39 2491881546530.95 
3304292574358.89 3617267701864.03 3149404428077.68 2614975215751.39 2215331929024.91 2568339483191.75 2629974154988.90 2541905975254.06 3735826185253.90 3434813057756.45 3390033773753.02 2801182454524.36 2880244645382.01 2334261081458.32 3262601886615.15 2823706246313.13 3854527577649.65 4464605994513.21 3991477976179.09 
