80738505003227.91 
154497152556243.62 237501679870570.47 637308907173828.50 403210260104373.88 510475573493244.94 584682984323819.88 778648496324909.50 1272028417850171.25 915717867740469.62 1111473509626349.62 36441115562745.20 16488909967769.18 1235878010381393.25 1369467683330462.50 1416054730942171.75 2033640843856837.75 1744063753968439.25 1708150576869013.00 1900005202363393.75 1862134759018326.50 
3825846462639071.50 3562780798027979.00 1535566319420317.75 2960440445392022.00 4217438884069982.50 23267584859861.79 2765782044162444.50 2617865742666811.50 2554847931168836.00 2554344834912357.00 2691661646466337.00 4262523521760794.00 2936257954525088.00 5825197746282738.00 6001603974684938.00 3051049814070530.00 3083070378074444.50 3220244287383798.50 3915476059626663.00 6028946784151063.00 
3511771418263929.50 3778063339751081.50 3799259536387693.50 4051518187310660.00 4111452024372127.50 5738382102437001.00 313125531282847.25 3222650534022546.50 3639030174030845.50 4083062080505055.00 4520732786503141.00 12805703251203876.00 6033976653812050.00 248008192448953.38 5874134132757828.00 3449215505797283.50 4414941039124153.00 4849900808933623.00 4967560769514363.00 5202483606849280.00 
5317663161755816.00 6049665115704618.00 1594284487355681.50 233097538584818.16 4296281753778856.00 57737867531439.30 5082124480647752.00 5207012048481815.00 5743589712635519.00 5549273882701207.00 5697765426353289.00 8786526809116265.00 6710640711442293.00 6621506416220880.00 6428935739033394.00 35752403595856.47 6789515216184622.00 7138429160789217.00 6733082345322769.00 5261984499095766.00 
6489866622997380.00 8044045979898264.00 14425965853569000.00 7125205166049224.00 7012344067680011.00 7504013639027757.00 6409226706107512.00 5446534110282936.00 21044473406025548.00 7833877566823937.00 8160284543175553.00 8200405644271341.00 8138896698414939.00 16588944909877576.00 9441323037578830.00 4640244340402676.00 9487110476045184.00 7370696969365318.00 9202434299420506.00 7806221529486568.00 
14182925921537210.00 6535960780843375.00 7535986293874621.00 12363825667591536.00 8976122191829592.00 8528681173226985.00 7430461439596558.00 7884470944627621.00 7504958219815882.00 10063031041921430.00 10268176097440770.00 4666944939368703.00 7597112461820278.00 7445094602545442.00 11662059992828456.00 11577680495137940.00 10776436974191800.00 10988409903812090.00 9944703808019250.00 12691067539692326.00 
8885378997046345.00 8315888519266726.00 11709203715970500.00 11523365198681874.00 11490829869228860.00 11052871979467356.00 11898153448706928.00 5585101109514818.00 6596971975416645.00 8969655700698761.00 19578402027364072.00 11749641945178988.00 12298989004137044.00 11079542188602402.00 12176056927851432.00 14681090881854230.00 9480738006221066.00 10202221958206566.00 471405966508136.25 14333065835978010.00 
13555631201930676.00 200360205530317.25 12638993010756856.00 5931782248700752.00 7512075578781950.00 9340665057016646.00 9312960578304810.00 20563739251837556.00 14012156669145718.00 13858273180264242.00 13904552140991842.00 15905248355951974.00 467682553954418.75 12523219159421172.00 9363477395102668.00 35459389092892140.00 14465402645345894.00 13812299676231836.00 16249695979902070.00 33332844711807608.00 
13107285745114540.00 15405056797592698.00 14437537371936270.00 14495223928362660.00 14817239520062036.00 15091734761014370.00 18113229107718112.00 11159096130543262.00 12838912756252392.00 14164356256582592.00 14476904081103574.00 13532198227532958.00 14071354530831824.00 13322912674317734.00 14951651699685310.00 10626995762762136.00 24877622226844416.00 14066323925988088.00 14718743070184148.00 32599608694773196.00 
17696450701279110.00 21888352285978480.00 344134341774784.50 22992134476884132.00 14546528132822006.00 14955110910201726.00 14753413388828772.00 15807816389098690.00 14969618886789916.00 14799677165796616.00 20358261052534928.00 11521374743406792.00 14342979271579500.00 30460896366019896.00 17212668726515018.00 1093608762607727.12 19183009466227952.00 20497234502364744.00 18014543940758560.00 21415642771065956.00 
16302590249820940.00 17188707330192492.00 38590298021882000.00 17517113575795874.00 16476343798295988.00 19017498671792204.00 18442975114302932.00 24618262379156604.00 16191323162689884.00 14745351827835224.00 19655982446377808.00 18710831961628368.00 23348987996918480.00 21720230726559780.00 20607221646234416.00 1323473458580717.00 10977830323742562.00 15417225998086548.00 14963992786407206.00 15475402158705072.00 
42767450256698504.00 809935925566684.50 20014714815869780.00 26018343970188920.00 18996224575975136.00 22145785252862424.00 23390252153342240.00 22971943823440780.00 1036297170082912.75 136960800142638.69 21024162201248892.00 15619904512246.55 27878344421225944.00 22267216820619344.00 22047020934325928.00 1052028146353309.25 24276967177497816.00 24423441250141220.00 23735843232793672.00 142890466418723.12 
12479466535626238.00 17834598763594698.00 20009979757084000.00 21434884925664012.00 21042446375128864.00 22735977854211324.00 24913544506028444.00 2394518689023252.50 17552618458711302.00 20687411077211576.00 21078292701786764.00 21402442160935712.00 24155991649749416.00 24764872454329928.00 23381076769669748.00 9802615874004018.00 15394122857276852.00 43626854711543640.00 23887298334572324.00 29103567164769976.00 
27040102683281172.00 26103398084600028.00 25115432788170316.00 33126945925750004.00 21803204498157856.00 23235976794475976.00 26308167303294236.00 27843301647182960.00 27046641041408576.00 25126794754980156.00 25532612552494572.00 180072108648586.75 29334450832181284.00 22467676502040820.00 25308045414262000.00 28367679212429860.00 1198501147339467.25 29714441374291040.00 25849681241729440.00 27973832776662260.00 
17564128367094890.00 46334199005264440.00 32008746407955872.00 28819013830375240.00 29837824361712212.00 27568157805573676.00 26326838718950720.00 13277862643675244.00 14792523139512038.00 17224531545578984.00 19138124215550888.00 20044300474720192.00 26609793355386512.00 30183637332664504.00 31761324651630420.00 15831862060446270.00 14390872237053718.00 20303078980197416.00 22036378734676436.00 23740971253025932.00 
21345195543472428.00 623295688625175.62 61623212019827856.00 35862869251319564.00 21213924898409520.00 22773787250616012.00 15765552391682010.00 23509867089699768.00 30185752181516984.00 30523803629071156.00 27720694021892328.00 18169792588929836.00 21308733371920052.00 23290706234481600.00 23950638784322508.00 21049624685487160.00 31318674100149624.00 29188224894387896.00 28124977074943272.00 40432349551419904.00 
22953122512045508.00 22071163501790412.00 29590274855543920.00 30256332839757100.00 29814999418027080.00 33910278381576076.00 974648987789035.50 134726597236362096.00 31496219450552228.00 31660310259188896.00 37924649017923888.00 32696211080962648.00 34767659025854256.00 31719967096912780.00 32761829624838788.00 70557190088377464.00 28179111217052552.00 33732578384616648.00 33451028874981300.00 32119228210230668.00 
35507784190715240.00 59517694091517968.00 26719999295324908.00 47234789409991744.00 37502268979510360.00 32129147059662168.00 6410866501876323.00 33905838115488284.00 31551533301597444.00 33886875090042312.00 31903895532389700.00 16396436912498184.00 21153653715030620.00 32233807014437312.00 35014515943599780.00 62864278634103992.00 31674104918491416.00 30498434961997816.00 34318322650087876.00 22792511170721368.00 
31379458115460876.00 33867404614280660.00 34301073542860516.00 33977816680315628.00 36354413014548960.00 32346606419829808.00 37520771667196640.00 29646958322386032.00 30968083355162096.00 34960953374758452.00 36999549457662216.00 35664334910764372.00 33713956740083380.00 33330493821925980.00 40644107766698328.00 19875225391858464.00 27561455062073496.00 27314989952263724.00 25764923453030096.00 33198193294261092.00 
34236309230882872.00 36319121803514128.00 34141576024593060.00 129847257516303.80 16423642702597196.00 35280597253706544.00 27032612595886376.00 381767267735.71 27180386972633668.00 37876515616269672.00 38123984872160264.00 19717601063934528.00 73186503298686352.00 1173691398605357.50 26183392988856400.00 35156141917219892.00 37133328603572272.00 35456869443212420.00 37199142374301120.00 135202795047927.75 
15039920768080970.00 52467075198017752.00 35941139700982000.00 36339376120373144.00 36108440707220392.00 34265627355663668.00 70046894041375160.00 17373162436196828.00 70847396751969328.00 36200715776504816.00 35575460222935588.00 36163832482883824.00 35551945756212284.00 36002243377274684.00 36848444105469240.00 32296280011846580.00 34822819736121548.00 35912877274640780.00 37195717676446112.00 35657451978690468.00 
37881352653762576.00 37032046066290128.00 40976525495556384.00 1262953775324802.00 31376051255914820.00 108047365239860736.00 35445712637308160.00 36277240512381784.00 34900168193985016.00 83790947497125632.00 46003144233459352.00 3699474689956123.50 52279244199048736.00 31526599454116364.00 33772183039257556.00 32964143414160440.00 35838931971437904.00 34306422135938264.00 36110592779756640.00 67885931202649880.00 
35309147287487960.00 39199315616964936.00 37930257989161392.00 38507412054434488.00 36869959999579112.00 36966634738370800.00 38186010119724240.00 34810426712899380.00 36351897675338656.00 38526975855985112.00 76208113938776912.00 38641893167538320.00 123514380681976640.00 44276571251108128.00 50888905042514608.00 24092806237132056.00 27858176269492328.00 63203874581913576.00 31454020960173424.00 93761260849489.41 
44921346738988640.00 43607323479933512.00 41930306741627448.00 44646358337563776.00 30830435501234384.00 72123318094829152.00 36944029523106248.00 40820367099539776.00 49547715354654960.00 48503180310171200.00 46801102969799936.00 80761706839846976.00 31817992328559708.00 1599514114352846.25 38767482094686016.00 44693433920759696.00 46320901787280880.00 45350769314369088.00 47427160094118408.00 52313995413765176.00 
64111188655130272.00 50381156521922104.00 43915737651314056.00 43681417109550512.00 44425801792204776.00 41416497335808544.00 50659125442939728.00 99928028356840384.00 50267096676895992.00 48411151256486392.00 45514314670139408.00 47073570025728976.00 45401522000215024.00 50921518218399304.00 53957980462617512.00 19172378065573416.00 37999033724250120.00 43143915204836104.00 43069998066635576.00 44330360748951408.00 
43194403997529792.00 49257286321220456.00 672196396014376.50 204046007503423.12 22883437140564904.00 23491240492139352.00 45381834884035848.00 44685447561169352.00 45342986120559016.00 95942549423651280.00 51938147075857232.00 26495166308472904.00 33970841095279876.00 48771622626286768.00 47803315417421848.00 45965130955801216.00 44824009457767400.00 44104058165062040.00 42194601914870016.00 75187262302014960.00 
141183523076554.94 49926924718026432.00 48305546842030456.00 48694116383930168.00 47587329895159208.00 46876864975939656.00 48542561609639072.00 23430621072302536.00 47132886675698944.00 46057094405513704.00 46632931220965096.00 42548732801298144.00 43545728342695168.00 72367094260021760.00 33662907814376560.00 21504707752502616.00 43723413869135592.00 54376077448165136.00 50159784354444488.00 73828420556682.11 
47650939231832616.00 38166150638079432.00 39863723361551896.00 20804460634978968.00 44324408759350672.00 59015677170333536.00 59003667623947664.00 62217113761793216.00 49005793766913536.00 54201259455232928.00 49018657566515064.00 84515651267702512.00 56326523444308472.00 52854849191509888.00 58649925145913136.00 63612649973636912.00 54717091913335480.00 46652916666637696.00 46785165525875184.00 24425449410457436.00 
49261502561178632.00 65050771006749520.00 67632580827103824.00 60516998928120440.00 57658160639243920.00 53058471416880256.00 47944656782560624.00 28199958141174704.00 119316155317213120.00 50831540841569568.00 67227470581995176.00 63369055066270880.00 53859920290466008.00 53691968821403304.00 78607169756813.91 23191462666027964.00 30815378074505408.00 39586321585448456.00 43904620364305736.00 36171553525674696.00 
37737761762784920.00 6112184147659201.00 52249685337102592.00 2048115878672840.75 74272093707154736.00 308869382168262.62 42832076410549008.00 90888736218431584.00 41363881978449992.00 43786474337605160.00 41458018609936624.00 44152815179584504.00 36134911918103112.00 54035082488751056.00 51979143163391336.00 50601366340325736.00 555725334832518.62 43882705289825528.00 44987798634569832.00 65808372743336968.00 
53298299113016392.00 54028540509850064.00 43838327654450416.00 84998064259523792.00 57969487849111720.00 56255411919149408.00 57310515324841288.00 646983170692798.75 32037219201321852.00 41327108619900912.00 36532285591634400.00 78183493440737840.00 97922381320576416.00 54164546046544576.00 43643892575020152.00 22379901483261656.00 63289433168679072.00 81898408472839808.00 52533915038732040.00 58873662220342936.00 
52958975665397448.00 57257053149337816.00 189407902696542048.00 41899075596474760.00 92892303429041808.00 77475461268756256.00 57742537268525832.00 54486834845306752.00 90319753225124160.00 51869760301312264.00 51786827370175368.00 88058590064769168.00 56277146152844624.00 53088499005612488.00 54240558842098392.00 52954551089290608.00 53674654547311864.00 55546348371649904.00 53329780660235064.00 40411204979115120.00 
110336851623657024.00 107273429171194912.00 107488091910502880.00 53755145336379920.00 52970035782167368.00 65850353746816392.00 72645657563020064.00 48468839865095792.00 53657975257263416.00 54723019807682720.00 53614509434937544.00 54129221455195984.00 55019674332627792.00 56018780916177800.00 62346783438370600.00 44209197577910952.00 54718394377995856.00 57283646351467288.00 55077910839910024.00 53665716390253072.00 
55043750861907624.00 56711104773666320.00 58516605265617104.00 46887488669580184.00 54949099709760720.00 56074731652658392.00 55916312101120952.00 111843417843288976.00 119607733070690064.00 74722593617261968.00 79052021697010384.00 1963028816351311.75 98015644124953456.00 55113187681190672.00 55824901037825544.00 56288750825675032.00 67235119881527184.00 65486413364614776.00 74100875936255616.00 45934325560270472.00 
55816905353148200.00 55923904376649496.00 56324569750389376.00 56357844943169120.00 59238211973056848.00 67707544810130504.00 59244721216004264.00 48666353807131320.00 55753279510018272.00 56989882510994672.00 56923704225780672.00 58285758694194840.00 58277645738868880.00 61848292314240768.00 70107446115026504.00 51123251905268672.00 58091756513145048.00 60991228156396064.00 58649162080880280.00 58363329660686768.00 
58197258749380200.00 114617741337323136.00 69841230015055320.00 54545301829808776.00 56996135394764776.00 58665611156626120.00 58311189101207352.00 63537454356229576.00 53633144226925336.00 46168154492408216.00 60330017220299776.00 51773184494652328.00 59350062252357128.00 59726045090691648.00 59693411659826288.00 62471333590008912.00 53053099484787880.00 141090207551281328.00 78400652917265392.00 50861936068444984.00 
58639779716011024.00 62381776723648624.00 917919707290031.12 85361284559300352.00 40160827812841080.00 54417035959116376.00 61925748142214784.00 113405887816383888.00 54002207290801984.00 45693217978277736.00 112318020544482432.00 47793583756596200.00 63452399134677040.00 58905356813078848.00 51692240775635256.00 84991027402836672.00 59633853217827624.00 62093264938320576.00 92108048706667184.00 92089386180605456.00 
42453164001783176.00 68866526153360520.00 63540131757141144.00 31784130737343100.00 74099656828382448.00 183602524539948608.00 63702952993541872.00 79897467839430624.00 74226586026566928.00 73399530718864688.00 66774865424936432.00 67293603422050608.00 67374906829029840.00 62685241770932240.00 56069649114053248.00 49526287901317624.00 45730345853907736.00 61883373984617800.00 61191405012505936.00 31481455561084680.00 
870215630359552.38 65112186717518928.00 62451424598286280.00 56647714618612928.00 51599178550377640.00 54271624438529848.00 189901953444705568.00 30016632575851900.00 714864537361495.62 50638966427792800.00 88686388736160256.00 48840586373304328.00 53702091328504016.00 58693533802107400.00 65505922119218624.00 107196407949938704.00 54589120197598336.00 162826187025113760.00 55686050388807792.00 77038232799587872.00 
77165897852866464.00 62788898481929416.00 51869682545205072.00 24231553545771200.00 32842329885973176.00 519149889908506.12 72158648587910928.00 70937026324768976.00 58761050445148840.00 54596699603702232.00 50852779170282680.00 74334394245734992.00 40773858892825896.00 114393482984324160.00 43188521975950576.00 41997827539753264.00 39119310143573752.00 122107370874075440.00 72278646729384800.00 85364962084772256.00 
66191997524070264.00 58405109783184720.00 46062331666779672.00 47472884665656688.00 57250765537011648.00 201892311974592640.00 38517966855664584.00 49756262812053776.00 51106196919329312.00 62845771435766744.00 104386645519681568.00 59051911312767824.00 53415449244205904.00 175005272009473280.00 49318147686642432.00 48095613165452520.00 61639239044914488.00 71869247500858552.00 57643633761183920.00 51562026331029208.00 
47726803565550880.00 4874309792827187.00 2610971981430727.00 115008587353788160.00 85816497258223424.00 87292666847842640.00 84302510921701376.00 88379681554328736.00 68690817671449576.00 62728649606719800.00 80564431809037712.00 43884119619284464.00 109693401124512960.00 72704607472747024.00 4951305317983608.00 72245357732285616.00 56709724126201.19 78573267705734368.00 92963807010418016.00 610772033941263.00 
35962147773120708.00 56263502752765176.00 67829576648617216.00 74683282548134048.00 78328087354939232.00 285562364455853.31 76054236451134512.00 91695095471249600.00 148197419599912928.00 104399903113127392.00 91582081723095248.00 78730679302518976.00 81613904374489072.00 79299624399086576.00 74740022466789120.00 427109705306.26 101474733502573968.00 67745182003359432.00 73920922776347824.00 92225890894166672.00 
8288350873982575.00 81588818732721008.00 4670071870582620.00 115961260363234368.00 80058504288179616.00 81750759910544736.00 460080081040557.00 148663216006533664.00 170445050300430272.00 94706009788425296.00 97328879863137184.00 58710861467710016.00 63517094201302328.00 145311559650538528.00 79029723223341776.00 14273836078856946.00 82579479124430848.00 78443588751057760.00 15498600500997982.00 121147271162752.81 
127974341317516400.00 90638493744786896.00 80238835167909536.00 87795847688013760.00 92502467599519664.00 75480407377825344.00 69046660147663840.00 123640378963285968.00 82512479240984784.00 83893855147368016.00 12299584533359978.00 94351764514378432.00 82744303650393040.00 90425572858761312.00 80691565261802352.00 98546670146471808.00 57876554559457440.00 82140462179198608.00 96862853872338096.00 90723251545325392.00 
91499009211310400.00 85010499241168576.00 76397658774668688.00 94262476104005040.00 85819090377348352.00 96639644388022960.00 103670500775572480.00 103941331866572416.00 93183398302457792.00 91840345569486368.00 9109694613895254.00 95511438462123104.00 128661155705069136.00 100226919630676688.00 88569721031744288.00 1308559825292135.75 99600675472196384.00 4846712037090165.00 92030142308944064.00 46224510847476896.00 
65626521476988880.00 71659555652012560.00 78169731803472208.00 68571999295998408.00 258147347886641312.00 84984400473392416.00 186026015192013184.00 155094593937295392.00 150074189977550304.00 106916274692863744.00 207366548733831776.00 89832783417421856.00 85396390123082448.00 80176336767042512.00 73183741861445520.00 3607090166013179.00 39487537264076600.00 65654035005771328.00 316995188261742.81 101764878657677072.00 
101478797366234944.00 83732041436967360.00 84674300361912240.00 201147660973886208.00 97328701784033632.00 384141249653941.25 111659143829935072.00 440627206526340.25 94045658502809072.00 87144504209638016.00 89605256622939968.00 47508397422332552.00 60772173415944176.00 76744316446947184.00 104923274989483136.00 108852834854032832.00 87812512606216928.00 91584293716500544.00 92000110384203904.00 132947439400810880.00 
698676897862546.25 79992221246742208.00 92670810450162016.00 105234523540001984.00 86652082651408368.00 91345054813463040.00 108011319619427952.00 8681708436254706.00 61166864825499272.00 78436313631260656.00 82086216662208208.00 83273421853372096.00 81658512197719264.00 88115955039438576.00 96515814151028464.00 2711837293930488.50 68655926243528704.00 81915386704315840.00 82030709204408976.00 83896894390512384.00 
84504500778866272.00 84102224265006064.00 90917822218391840.00 70126289713482016.00 82092189368555056.00 85877094125027264.00 85591753992619648.00 86528116767180528.00 87512053635246896.00 86137587500364272.00 87122366803674800.00 86593559373135600.00 87392574277613200.00 90181296385625344.00 86721724372236896.00 89291680222681824.00 89120091394351376.00 4770979241337998.00 90499129189887936.00 85636138435349600.00 
89975767518375440.00 86353647471668496.00 83013173961019200.00 89722714134634048.00 92583994266114432.00 800872252649262.75 180601603231001664.00 47656964959073928.00 75780484065541616.00 158810719524741600.00 67655925283792624.00 22339708182688068.00 81859160692783600.00 76982057803712208.00 83980355149860800.00 129115619306728288.00 151872651833237728.00 145512236623504064.00 145369210522821248.00 94717732406361392.00 
104225103230738048.00 119688704886965568.00 117339863287162432.00 168335335218531488.00 89389853663422032.00 95768099544839280.00 95796258775279584.00 91572099084474608.00 1373733112664061.00 87921415471274576.00 80638530328429632.00 165808089585171552.00 92220040426788016.00 94562102264551536.00 94418558413634288.00 93194011443650864.00 93723800426650352.00 92563826269679168.00 101064911807022736.00 130469366741250000.00 
85228178730166976.00 86135214449536736.00 88202208246065712.00 88186207365441936.00 90587263120927328.00 87382231767442864.00 93771716968424336.00 1681900144421117.75 74083533984389040.00 85206454746032096.00 186232303269469920.00 95399368279453120.00 93880999736899680.00 95023759863205552.00 97443674738906240.00 43003533859151424.00 86569125229973056.00 88464467186715856.00 92176751840884864.00 95481202426723888.00 
90289023087713600.00 772067513478603.00 87863697093911376.00 158107709028819424.00 100148662299752608.00 95947829442147184.00 97372125566219264.00 96080447349290176.00 102872969412234160.00 81382726862386688.00 114170943158833712.00 218213812076436.28 143300606448516192.00 81904946535080608.00 79157423433130352.00 89012503428299072.00 85678035713894944.00 99444275219566240.00 93328346088999712.00 74251233696956704.00 
86012442386338992.00 502979363792241.38 89957502814613904.00 89050415889795680.00 293525358262531.25 94120072442645920.00 94282967365143312.00 129411242889725248.00 121222027058464096.00 115324319403713376.00 103924724809599360.00 93798736219919504.00 97866224349293392.00 90346782054688608.00 87173632116499536.00 43863455274830760.00 60509566059841960.00 76913672493784448.00 122868163115638832.00 2700251397686375.00 
123550334160258960.00 114811675724626864.00 110953989548655296.00 6266118995103824.00 133279785233566672.00 165776366340634752.00 92204750954682096.00 96904417078514528.00 85974270562944000.00 140123891802209200.00 114769998445014544.00 190777802177099552.00 186492657115967872.00 88200238707211584.00 81644129194492160.00 6353778806471932.00 889063119056199.50 118163044323860048.00 113415483652097264.00 64751809871634944.00 
253191950901339776.00 91097183690103840.00 91205730093634512.00 1575325022321369.50 119272331190947904.00 119224972167495072.00 114723939702456096.00 59889756002294616.00 77299091104899088.00 162647281270577024.00 84473230024137584.00 105428875340764880.00 116738216402320288.00 119893162691520528.00 105966129487410432.00 71245397913397152.00 74314842042243792.00 88085022846996400.00 89563599933702864.00 101045688202413072.00 
89471534373749696.00 96306297487405280.00 114262374863102896.00 143049215342310528.00 91934416829612272.00 85414101364166832.00 95204297035196000.00 81442424838427696.00 111818780330494448.00 102465186512331456.00 117745082872617056.00 41772353995497736.00 240682212340153472.00 192843799986334848.00 123661116547724496.00 11843812164273722.00 113060848907443024.00 120855077208244560.00 136116099575184384.00 53738923474491640.00 
71608558754193320.00 80899982966852432.00 85360512376574480.00 126490669332146448.00 109229763273668656.00 134501638837042096.00 110641030944442544.00 137740479275415536.00 79742789690972864.00 92913360416540256.00 90681473206910480.00 107684760346663040.00 122220029497706320.00 19400172373981940.00 396581214250861.19 74402739447617584.00 95408923574019936.00 98685831429060528.00 105945039830218848.00 223190086321148640.00 
4780895897677463.00 105232607228559360.00 112130105974948848.00 478662560663523.75 158383980373758304.00 93670672271220912.00 103083294735914608.00 103548866384684896.00 99970204959933280.00 106422455515082880.00 110969648890125328.00 129928008577949696.00 100923067472715792.00 100370426972673328.00 103057806505795984.00 105030423742183024.00 131624043458991568.00 117404147296466608.00 113685776209196256.00 128810099325553280.00 
98083386133276992.00 204446370066324800.00 203061673032098016.00 99295289508817040.00 99001204683522064.00 7150345241942201.00 127193908732436208.00 62571386367616416.00 84189366340395104.00 216774188493545408.00 128270882698858112.00 126037809880698448.00 110969036587567744.00 108190623326136448.00 107770281260438752.00 56978644014256968.00 84093174889401312.00 109641342196895600.00 121108285830525120.00 4111467598518018.50 
131423396166231760.00 114161105584804912.00 3960424235048273.00 50307231742123536.00 140190883897620704.00 99509506662210560.00 136614565743506800.00 4138239123448688.00 124517141331296368.00 121723414493664720.00 118760419489735152.00 77255430645431792.00 56833274571001120.00 85515158040790384.00 101951131653151312.00 118335741891395456.00 4577083420797885.00 100860997569489312.00 90417108155686816.00 48555741040313368.00 
49262070973868784.00 191599513852854528.00 219602494264263136.00 91804353367878000.00 2809974538165399.00 109174885215251152.00 105503432093297376.00 155146229696775168.00 102388634612613712.00 102883561717300528.00 106490669288133840.00 110754661983670512.00 97930427814696144.00 12768862943074940.00 2181959688835541.75 84738746091726752.00 202985745080833536.00 104168732344948208.00 103370891961950544.00 91066049193709904.00 
98665764182107744.00 116870459413168896.00 3017088546853951.50 58170191293005208.00 91585190792781664.00 97520189048288256.00 103259753018414272.00 105421520631773904.00 97969781687844512.00 93010759394533520.00 97656942011187168.00 50719743490484448.00 194752736698065824.00 42688722792.42 208437097014664064.00 96800889921600880.00 277202744222611168.00 125557650781776560.00 2971031600918964.00 257974183316968032.00 
102165279027906880.00 95136051330230512.00 91439497008878048.00 122370603703386480.00 115257067522376816.00 133342676405107792.00 121939654107056528.00 65416395431011744.00 81513746560359440.00 200717733726293280.00 176181011314769248.00 130232176639668304.00 120464226200684400.00 123945330813186640.00 119755236043183408.00 120834229265559424.00 90509643234046416.00 92413337435303936.00 124971746585958048.00 118491889728300240.00 
117933894615743520.00 112701579240179968.00 115254583335267072.00 133167214724662080.00 88667575114981664.00 128065914490163952.00 115041227893865024.00 133292151924383728.00 125191769480565120.00 114770912950572928.00 114970635544866624.00 149876557064498400.00 768121760.86 97865595946983984.00 134204410889994000.00 127311873227559968.00 123859538051946224.00 4330783163910241.50 444968154272454.50 123948278061819232.00 
89702426848528912.00 100234899217115568.00 97019823023211008.00 147465583793648192.00 129156568131567968.00 127791214559041872.00 122296186105588496.00 1252427720661880.75 15187469827109526.00 72378342168647520.00 184668866814077472.00 271343998761441.56 130816903148591216.00 124321785084911808.00 4321407418836228.00 183017358237816.62 213693202786760128.00 103027555127180384.00 102232125005390736.00 101602002555851360.00 
309383719932372480.00 112865000866954352.00 104455369011251296.00 150681365096386592.00 221919298288713888.00 117145922467914608.00 100202184117015552.00 193188983587719904.00 90670495026898528.00 197568824470024352.00 137916697176861776.00 92457538023354512.00 98082874847201120.00 180551766392515296.00 214714652085052864.00 117929521608329584.00 135752150496223280.00 34710181285407988.00 136989400536856064.00 71507392225349104.00 
424980910263516544.00 229257721931556864.00 117177919912056224.00 288703016458692480.00 102676293439507456.00 97516882366705984.00 112444399631574720.00 105706499471649904.00 103853104969954288.00 201481036721035200.00 203296217585898336.00 104879757398799888.00 5378936852282520.00 139480318336402784.00 148476498659473888.00 196365271955545184.00 84736125556976576.00 79114700015502400.00 106853122645434416.00 92738278808663168.00 
112516466764139888.00 166206908981438112.00 100847810549580256.00 552143826396375680.00 170845028476471680.00 128143083499968944.00 122491544159982640.00 124710877972202960.00 138253007471791856.00 140067471454196304.00 127892876872343904.00 89589209637931856.00 376772457119746.62 102485481549589632.00 112849889782123216.00 113988690571663840.00 115808715279526688.00 111608609937160416.00 113079044583990272.00 178506724556030560.00 
120763869411489680.00 120842424811768096.00 124890921050269264.00 125367067608938784.00 120791401244698224.00 120033874861308368.00 119976703668026304.00 192281947700250.69 110928032996838272.00 81859769421799488.00 114237587222689008.00 119821722640156048.00 119227189787262096.00 122591924045975424.00 120571021254612832.00 68000154054166240.00 135769020365034880.00 126206995275527008.00 119484106130432208.00 127246592281077520.00 
121086802617406080.00 242311242406225632.00 153735358589289312.00 247677846370882688.00 118037739100986944.00 110879896778501632.00 113862028989561600.00 116783439968015856.00 114948285672952000.00 115203062248774352.00 123441143397746608.00 109269353569201792.00 117246757508698416.00 119297373425693488.00 122161666326145040.00 242303407104822464.00 124351596884452032.00 123065443451005520.00 124578182387642544.00 111265473954045856.00 
231614009124900896.00 119783713948112464.00 129780178695650224.00 254757902757509536.00 145245044918839200.00 129323983489190464.00 131793655735064816.00 265071277393635072.00 106569644152327232.00 108760642664876576.00 263523803181440256.00 152079997181246496.00 132887956529409616.00 10116502599885192.00 136887466450600448.00 75676923556917760.00 193073670812203712.00 115230894404113168.00 246722560067417376.00 158557498307406048.00 
135108308164262096.00 135754739167654304.00 144018077685157936.00 73645049246540352.00 90732087341689024.00 108620454786114848.00 120580976742942832.00 145992168029074720.00 5754755978538940.00 293504468553260032.00 142936266125191184.00 76517144859078752.00 87794021912186784.00 196182693826910720.00 143169963168272656.00 139322714214347104.00 129487909600881616.00 138621018375225488.00 131695444710698544.00 59487763078560440.00 
87958571806067184.00 105822595059638912.00 147624540282258816.00 145235310908059136.00 133929107421685488.00 136724131154869584.00 263367418408085440.00 119429675192450736.00 83829330355336160.00 144049338109312832.00 140979878568082384.00 132874426916700464.00 136663982945339104.00 118921340994781808.00 28544303.18 65040387118874888.00 85764566702913232.00 90979283824428160.00 148721052253091744.00 148578317113243552.00 
132841252256086000.00 142197151376396656.00 137269406085181776.00 242298583521395552.00 150757054076446464.00 139827043673831824.00 134342574878909168.00 136330986813588384.00 125961773362068368.00 125956399927237408.00 142983326548895488.00 117951300290770656.00 126755750179828048.00 134790566931904976.00 133146269946162480.00 132641631120087680.00 131952072443406768.00 132389446080890848.00 132630239317100496.00 107046845789353184.00 
119775364243504160.00 121373400457457056.00 122879177099735360.00 129383142104398032.00 373557305951842304.00 4334062764966239.50 138520674602357296.00 197839146428167232.00 120423084861530512.00 112685261479525872.00 99706022862459584.00 109297093842616096.00 145817275148928192.00 120318538970443104.00 251512229743368704.00 445520593996050048.00 183932391698533984.00 88389884285566368.00 122489154819693584.00 136753714581496944.00 
133801412826946336.00 136272536955561200.00 116776015373893136.00 1230178890644192.50 93818669053451424.00 200774448052759040.00 303914762523656768.00 139316996582162016.00 151233639593867488.00 233307562285192192.00 247343134200201312.00 312203748244228672.00 117427384328348656.00 112280445849855456.00 128797937629795456.00 159217345003336288.00 199971703082575104.00 145077945267387360.00 150322859532337024.00 198150455191424768.00 
159091958789513824.00 272840125613615840.00 143194675216719184.00 146546201608655040.00 175791900241696256.00 302814074937538432.00 145340617344518368.00 2611479368973005.50 57574637337504688.00 111963406379796720.00 131729359009236656.00 175954329886536960.00 174615960716276832.00 144997438343164672.00 156252217488257632.00 2103999557213909.00 96541047005726464.00 130985385442020656.00 155045392270963008.00 159335838863381088.00 
2536376024577500.50 152838132361567776.00 152664467211656960.00 251207269465768960.00 143549199359726848.00 181198793712098400.00 163570423693321120.00 151314570866133056.00 171735420918128928.00 159042901952021760.00 7378717623272421.00 71687197865362088.00 122550946856993584.00 194897367618808864.00 167075625239142080.00 148387109059466560.00 163262148604829472.00 195484283648196832.00 152335049624226752.00 6163413037751996.00 
71390850569034672.00 100749976778608144.00 277715119843672864.00 162800191843747488.00 14112962629107978.00 190666987424998688.00 192428040962800192.00 115683324935615104.00 150737824820386016.00 3107277267312461.50 150582439437029952.00 146321003173251232.00 174686634904484256.00 172658537961946688.00 3116917445993733.00 112817867448507968.00 127591604464565056.00 138039973064883984.00 136086976242386272.00 136620512261233264.00 
136376332008425696.00 184280293206759648.00 184867648951809568.00 122358866135631456.00 134823509175579248.00 136121090969380224.00 134303933175874288.00 139350551755931616.00 136209245998302816.00 137257794496283872.00 157532223824487936.00 122320640994758112.00 134895164395465552.00 140595984923557360.00 139764507524473728.00 195927536192260704.00 128979310746130032.00 137662701122745184.00 160710546327807168.00 231570389547206848.00 
140281160599110080.00 139218923617049744.00 140372363000351456.00 141216636104618304.00 135777557908655936.00 145230626585546496.00 155813159624963648.00 118502144066649584.00 137355936305107296.00 141180356806040704.00 141883737136101296.00 139883191168726304.00 141281101992283008.00 768428225199260.88 145026740313362560.00 101892709864611760.00 144578394572969568.00 139776086308396176.00 136594812020154384.00 283746597801695424.00 
141405699453695792.00 152630950258253280.00 153988906919616288.00 169907017996652992.00 138558333196439648.00 141526676211880784.00 141167875549180240.00 137906898850935296.00 139069147890551328.00 161287287428868448.00 152434307451317632.00 1774800849915541.00 208847513732116064.00 142310896336039504.00 138731607715112000.00 140931283572508864.00 228995465122653.31 140964553551327904.00 141962084122491936.00 109319359890689808.00 
116534666394145952.00 162442723615776608.00 154013303928385472.00 147889291289961856.00 141827200848282224.00 141711222001438304.00 140425680998510320.00 124332725650795280.00 138725252674619456.00 148237279410897120.00 143823525669121728.00 145612319814867392.00 141062187230176288.00 141893702615700304.00 144171303916517408.00 114459279965231744.00 169758686630729728.00 142725924232724800.00 3447047757075.27 160646949048107232.00 
143638031574004896.00 142217262622006816.00 140533380399051232.00 319903358192840896.00 187419568559073504.00 206633585482287520.00 4412187584708859.50 163930384129320512.00 145689177104811776.00 146078605493331936.00 146286401028707040.00 117797385527098000.00 172390846624229568.00 207323995708088992.00 163718379420979104.00 797214872081903.25 167072967902241536.00 298544233792361984.00 142488738310864192.00 127350641032229984.00 
185876103932926112.00 163225004989655424.00 183479606323770368.00 200909109613980672.00 3110271025783110.00 170343180728916928.00 160464802823015520.00 119826260000643728.00 181124200200733344.00 185856491804346976.00 9585581527724416.00 168186550376874432.00 154401824567603808.00 174814043935820288.00 191556816884896352.00 6082003606743472.00 107298385491975168.00 160051876444145472.00 194512745789479616.00 184976605473231520.00 
171576846465988608.00 193449625094120960.00 2326011624485501.00 118919997795516352.00 171731181266572800.00 187302551323429504.00 191059318866666368.00 199686493125092544.00 157867646373504640.00 26340878620792816.00 164547059553644192.00 5878673408354572.00 230996199785960032.00 167047272426030528.00 196391491276488704.00 186012067569552960.00 162335440396078816.00 186644340269985568.00 167697392470042496.00 98892524045379760.00 
124935020892825184.00 154254855337507968.00 159681839157566368.00 149582797619856352.00 139198247766495120.00 182786708062455008.00 214432223359251392.00 125326568239561824.00 146015529900921952.00 163901817812092448.00 165181571563921568.00 159544328023497568.00 194722868181117472.00 173972314688432736.00 248349367131988128.00 125778010337015824.00 145720756897447360.00 152498635098728480.00 157472552973566976.00 163917164698682528.00 
321802617995048512.00 179496420031156704.00 195856918680011200.00 6250080915300193.00 110735616006456832.00 120081180365935616.00 117475619320253680.00 133144338621591968.00 147495942547124576.00 221981057651950112.00 205065210272906624.00 3109486059900700.00 253706917206206624.00 143452419474784592.00 159819388900283712.00 181335758579658752.00 164517566871144640.00 3122004157871869.00 162612210201760576.00 1531267884.08 
109037925850458064.00 139917748671202192.00 135057171272221152.00 141345842199059888.00 123355193124722736.00 147392483857795904.00 151404848267271904.00 76795894897729088.00 136729404697112992.00 276248839226272832.00 125111312013613616.00 137162168054638112.00 368943442908836.88 180414378180360096.00 167319466168780672.00 102566590058077328.00 104020043130489056.00 219940164406002208.00 88536830779702736.00 2807579945600264.50 
845970000715414.38 168728406766419360.00 161528459128871808.00 176188817287897600.00 141734068695954256.00 160998173017548960.00 367161904029598336.00 230486040556839488.00 247326669273480128.00 107141524457199920.00 93611311241075440.00 103114060536453632.00 122767381613233.67 394438215376625088.00 384818288474367808.00 423751893346256960.00 293571614785627584.00 164868536186423008.00 138941061740955600.00 68871454183118408.00 
187396584469482496.00 340109294656941120.00 145114727551733312.00 134741625303122848.00 121294479653039168.00 19485480133176352.00 124584579696124816.00 336432278869511040.00 1962571180702859.25 152781417632236192.00 133963218004698240.00 291042187219531264.00 145903426797133184.00 142207476783453040.00 338840225684798272.00 175958399196406368.00 99822142363693568.00 93728525397773840.00 89909847483268960.00 164395051527254464.00 
165289503063865056.00 168609003001165792.00 166043944009963424.00 170320874365470720.00 3112696744658938.50 311390398288816384.00 110388709565598144.00 191640240121862016.00 179286127269972608.00 170547985450777216.00 148121818094997728.00 133800664206374208.00 1739755137821713.25 134685902669894176.00 164176845807834368.00 294511893677213632.00 555019896558171008.00 126510568359491440.00 124300912181674880.00 123403491611468288.00 
115094229627396176.00 118778089465850624.00 121135264516598176.00 138372867317159856.00 128975073879411488.00 135273971052169040.00 173853955859908768.00 100443862149745136.00 265105166551350816.00 122286713312338768.00 369080226719767552.00 164027175149987456.00 6755249223953154.00 183766829696298656.00 118601667519323568.00 77979607692194032.00 289533225105752320.00 102120229477953472.00 1380560829601405.25 166237869922863456.00 
3795119522576576.00 2285973860770525.50 169227019659710336.00 333991376127305664.00 127363745858832368.00 123010613655042704.00 119919477170594240.00 261280587851330272.00 27018225056387704.00 164990872483267584.00 167274379427870624.00 337554393795841856.00 132773751718637824.00 121128917578220704.00 145854309118.72 158889752506795168.00 168122159026675680.00 172741335702667264.00 174782644647942720.00 97128888378419488.00 
255663712993101408.00 4471658999249239.50 131251603855074144.00 163022764058084288.00 171281002015838400.00 157094261407062720.00 163640063075642560.00 895647925594637.00 174382268613462304.00 577610763175077376.00 137192635063643616.00 179967667859090368.00 170797881499670304.00 174268967720668192.00 170937878807817696.00 217613013116152992.00 124553214881484624.00 118571503412162160.00 240392924787193408.00 131192298283652928.00 
119883995767580880.00 169135553743503840.00 332006116123546304.00 82684813826766256.00 342967262875304064.00 178381018585989696.00 167558184307260032.00 3383474395720926.50 127354446136233952.00 145245850529245696.00 103377438044353520.00 62472046042479040.00 231221475050039296.00 208222774507879296.00 186936180599464736.00 145203425252344064.00 249529363330960320.00 109328430715773216.00 296075179079233152.00 134155692619349712.00 
331718465065413184.00 463208570520116288.00 194441632655455424.00 169723309112303232.00 174390803752069536.00 171139703447004256.00 172109381788407776.00 120807765647332960.00 349276280027800128.00 175673218007099904.00 170504294090583008.00 167819206750575040.00 132134785558482.98 170185516261418464.00 173293737023191808.00 120480062316850624.00 195548263145625920.00 189210229629459776.00 168802599532750624.00 172416870631696320.00 
342839858061422720.00 171015806761197568.00 172961370787242208.00 174600992902171968.00 172636944159417792.00 174569213391558272.00 168595585549530464.00 176102897076779584.00 171470627598942624.00 171471920383384320.00 175570681167032864.00 175658819059185120.00 175746956951337056.00 175835094843489632.00 175923232735641184.00 176011370627793440.00 176099508519945888.00 176187646412097952.00 176275784304249728.00 631690247670527616.00 
145879627506192352.00 167226837611831808.00 149819652809204416.00 110162731030535776.00 194779650188960256.00 210438465315882464.00 324984629538651904.00 593142269055905152.00 220162911028445728.00 6510970493273820.00 170089625236718176.00 156954621655206976.00 154226158465504288.00 420814332452997568.00 192812679577132384.00 338132589198001280.00 298747564109483840.00 138526337296074544.00 214351740566047008.00 198594031305221408.00 
183284750162626528.00 176315795332836576.00 178522637958272992.00 90044088642424960.00 203038823103962624.00 554012840588277568.00 182814936173416608.00 183865387803377920.00 177497600989257344.00 178705911726733824.00 192626579573438592.00 86490358195349296.00 171205261207210912.00 172484213157802432.00 169054168794119680.00 168509123911629472.00 171354515474729664.00 168618794740883648.00 172813782128033120.00 109078380869837872.00 
189393926990317248.00 181612767290575648.00 181794324228996128.00 189421627452556544.00 179705007872815552.00 177870768908747936.00 196030092853519296.00 116450073426108000.00 315582549509774656.00 188252733537299808.00 186157002121839136.00 176040981412377632.00 184218716177606368.00 5305589640270255.00 173758370545110656.00 116683613198679552.00 190735500427898912.00 188536539945708224.00 180480523289785920.00 189680732862853472.00 
368610920979259904.00 148661330482694624.00 2617069845575032.00 143310856601803888.00 177509452088733120.00 170672009195350112.00 326046523340243776.00 167331919005031552.00 166611958480383744.00 203987034410176256.00 184428380381628160.00 148849330928339200.00 333243603471602560.00 169848923282332512.00 176353872705977120.00 187778105705114112.00 197202216543542880.00 230005220682508224.00 148045265755399808.00 548439648759981504.00 
172224536276738592.00 167602841118027328.00 186929317921648448.00 171498520031649824.00 148510147130783648.00 143079185005443280.00 216410355115287008.00 111708957424767104.00 188286164196166048.00 206518077186845568.00 192067603654687232.00 196041796241377792.00 4878383408731779.00 212443524223587712.00 233170148932249568.00 79308128665945472.00 167625619736649600.00 187300991082920736.00 197861020259137472.00 200262057104142528.00 
219953452591082720.00 9747065314875320.00 187445233539195360.00 140903608713579.91 96373239493030528.00 127793308968349232.00 139336275804048480.00 1391089672171823.25 21255347016.36 209147136824204800.00 217704217695204096.00 125020548363532560.00 150836313446745504.00 321836994262862400.00 165758840483042336.00 430814743995471.50 178978654124557280.00 3534800348400042.50 225415194333535232.00 100663791464913216.00 
293116395110139456.00 161756861156512896.00 163369110885935872.00 171441974319471520.00 175834443482421856.00 203204900203234560.00 195849887685610560.00 387791106957272448.00 164021759629347296.00 170471852796224320.00 169316634360562304.00 174531914559655008.00 177705624608782656.00 391126976472754432.00 219494954655457984.00 288202472067660032.00 152081915811031872.00 160941629164336832.00 146330771220361760.00 201624771393468480.00 
203206771039766368.00 208140024633556640.00 235930896350851424.00 11734228257260148.00 109461735679695456.00 135941106933082608.00 150376223389045568.00 181505507964825280.00 6812584928300041.00 156675702340476256.00 3732031121451421.00 111840002960020320.00 117616302777232400.00 151427275072357024.00 175476190174612608.00 199984985693559040.00 181636505070535648.00 169823412753996800.00 171812254311643680.00 212464638947409056.00 
147136012840570848.00 142818292187935808.00 211779940551331552.00 5025221418741842.00 358685383184093248.00 168708536573647680.00 174724518546227680.00 96381510105808384.00 144892406008273728.00 731848837843017.00 237959039752216800.00 196611491647351488.00 193465780874429120.00 193666799228722976.00 193879865278754592.00 296875802707389632.00 220314830285212736.00 201181206548791008.00 186202331480463040.00 194813282955586240.00 
203127960326430080.00 187839183984564992.00 183724327657435840.00 79045118355270880.00 10546354654339222.00 131235930943200976.00 172147258253896576.00 188048312007735040.00 189398039494195936.00 192710678080946624.00 193764676794350848.00 85343850971771168.00 347741235263074432.00 216983503525204544.00 214441452166501088.00 199389850020850048.00 195985083875494112.00 188117505552372512.00 185474802661637472.00 85836057334283136.00 
152290144036541.25 120284379621934608.00 143743294372191296.00 2940855712388908.00 204014618249694528.00 194976336099579360.00 184732542547033568.00 378997340216798784.00 4410457502424791.00 143814808576648976.00 155434869182822304.00 3098516475539740.00 172323526295983904.00 212609159934345408.00 206191591297407392.00 267493569124204352.00 213695087402960832.00 188382023532219712.00 7183138323708502.00 188104090611193792.00 
152782381029000640.00 174786215342557952.00 198545716617236192.00 111841896733322800.00 562294099372480960.00 3570499251590515.00 323483230301633984.00 202830495403002144.00 214102042790196672.00 185236082452084288.00 161270468782928640.00 86056281991362128.00 94721196328557520.00 170710329226340992.00 187177756064725536.00 455100194877543.00 227491913439942304.00 181105921591536064.00 173725906299916704.00 181108296615614592.00 
173822929640661824.00 191596895701167040.00 193074043888646848.00 5653570689524871.00 195588774839234560.00 191953211560073408.00 364413717905001472.00 14932516339274842.00 161796902770758016.00 180857232492393184.00 183780369541163712.00 2240317714536152.00 198503595145584640.00 192324146142313312.00 796372015004609536.00 142522619624473216.00 156725411912883776.00 170022819491869760.00 177707582165378656.00 167669884041688928.00 
327397754118456512.00 2400701969872867.50 217149342320820896.00 517598717.25 291755848993486336.00 178462112780268160.00 181147734566120992.00 166379805861368512.00 160019340374241472.00 312091169212062080.00 462105369953549.62 245453323967089344.00 177951639032352992.00 189036693962426752.00 178767945232915904.00 194584892162684160.00 159532299090111136.00 194724337303758976.00 203628013143510816.00 215605045468568608.00 
344962305681426432.00 662130566203157248.00 214042938761565376.00 207429414881378176.00 419664627877909248.00 228051220942629536.00 7708339909164850.00 105199547071877776.00 296973700756545472.00 1358341117801502.75 203460663781510336.00 211745934240113504.00 215663555075657728.00 411990268551069568.00 217771373326319968.00 108121244009865440.00 2285140474242482.50 347677605003045440.00 206635676119193984.00 219486926728030816.00 
225401041026411904.00 184091899059580864.00 199748353327090944.00 262676649319764448.00 168545861876860000.00 214135637031525888.00 154546824685699.59 221030625938004352.00 210964194201955200.00 254844833181199296.00 216748214654240992.00 4461280095773500.50 112859694141986992.00 134115309913286960.00 142114260905201664.00 254576655951676096.00 229149010944579456.00 217331735538599200.00 206557406608304128.00 124567192022213408.00 
160438482780001184.00 170571429635482432.00 419283569039559680.00 227804541167396800.00 232366891284273984.00 241208219217882304.00 226400177068585888.00 257625287788314208.00 169311550420145120.00 167636175345924032.00 175959355584128416.00 175552834393449792.00 199316154283920064.00 168192762891949472.00 253585199492444448.00 153488307526203424.00 357545338365052544.00 184961854537919168.00 169652364006445248.00 162086993513197280.00 
177063833755196448.00 338408946292182336.00 131432730235608880.00 11604160323563516.00 98111822123335280.00 223898394908334240.00 181666889025101664.00 155045683054286496.00 26626340897649304.00 156240133879150112.00 792854337500645.62 297686746798898240.00 393093390053330560.00 258238470715530496.00 173888512332528672.00 144076115036999920.00 143158692556685216.00 284751618333023776.00 164967195804070720.00 151830981742953024.00 
210117539832010176.00 230096973901358912.00 216509132908164128.00 215386108068242336.00 228378324829797568.00 214151212656780800.00 210188429401136576.00 182543976895664992.00 211782972727008416.00 158712790533939.19 235407360840806368.00 223098726236109184.00 235536361694216960.00 15141042950115166.00 211505613514798848.00 324518859149594.38 90462670112866448.00 123388468175401440.00 220897209623304544.00 285350529230922592.00 
244891837326999936.00 225525776649786944.00 231615238632912992.00 84482710134172896.00 220173976183704576.00 193442565567827296.00 196886088634609792.00 191659262853904288.00 261017783531162112.00 214242147671952736.00 233696853563454976.00 465456340629797952.00 205858052619277824.00 210978495830083200.00 3195601541481443.00 224784068975436928.00 227709920433600928.00 200304943079820544.00 178693156780976256.00 96138801960529328.00 
509782521197008448.00 229151524695774336.00 227447055393320640.00 216021881040867840.00 218857145100584224.00 215240934697303264.00 209925139105103872.00 100271393087235072.00 223219124817128960.00 203353494613660448.00 209650269320927680.00 208633233499702336.00 206506544967230624.00 214074704776581856.00 208156892176994624.00 88328545006579936.00 253873900457458464.00 150000630473669984.00 216791428994180960.00 230580698702882752.00 
210513532198044000.00 210948809661731072.00 210101298128559392.00 102346078072614160.00 225791731677627616.00 220593879231903904.00 205965376175424960.00 206450813952192928.00 223460902022270208.00 218259270321547840.00 206403407379785184.00 596929644324701952.00 224109774512508576.00 212306937852129472.00 220732343341706016.00 224878380811189216.00 233464312630562848.00 206252057842852672.00 261738409070977568.00 192192640773824160.00 
202391252203637248.00 216076215740776640.00 210429896465743616.00 214912745912054752.00 212284651870225088.00 206545586060486720.00 208153334861964128.00 82975940521479664.00 251621242037030208.00 498454849393611.69 232402131661007552.00 205498906521930560.00 210335957278183072.00 207961669054793184.00 204753264058516416.00 414718706108007872.00 170286154755381760.00 459256237310215360.00 829631415808097.25 223397092470711872.00 
217409052655145792.00 247739367076893408.00 250620819161150720.00 1625885354049834.00 119616229641445680.00 145238028097473728.00 167935157592225888.00 449089713787736832.00 238950287873748288.00 464473733997427968.00 241922161323134848.00 477263594883707776.00 190269482360199360.00 179036797721385376.00 239866527380576256.00 1468700697985442.75 243764073121932992.00 224878364481827008.00 5919601240093558.00 670568483582562.00 
7069752756201836.00 102448797539633056.00 147845687955724160.00 180412286834692224.00 177643085459029408.00 436924790150145728.00 214507758579622208.00 137327602831837856.00 131119604119535248.00 209207836360022560.00 406178878614196032.00 203583346878700320.00 211250499824081056.00 480067245878766208.00 336996573790862272.00 150954238308367360.00 169039805791997504.00 179269774333559104.00 186654955923800608.00 189844220921018176.00 
209406160068231360.00 186120388766834368.00 193762344349867776.00 311080214638008704.00 212139549743534976.00 209306565541967232.00 208021025390985856.00 220265653040281792.00 219907288966096352.00 236846983428839680.00 250251668785722464.00 9837892363311808.00 325179860887670592.00 185262874830248864.00 193401036099677280.00 196506981045005152.00 193371067135351808.00 236791726476680576.00 2171669460739755.50 512691134004451.06 
330608030456799680.00 220136422624068448.00 206460175991501760.00 208962106553166976.00 213642187639921280.00 218334878028942592.00 218980222884169664.00 195300104258061120.00 212797680337138720.00 206417120378357184.00 205965740142344736.00 212191482036708832.00 212239369525463392.00 205151707970801568.00 266019645320486432.00 184484926463701664.00 226460411477951328.00 220943362924648928.00 421504880205022784.00 296862636024795072.00 
276749867224071168.00 311721066256780224.00 249621917881996544.00 4192173136644964.00 157057314885036864.00 417319668422690368.00 221249663214214080.00 859260462983535.25 269897723776146848.00 269472647008247168.00 257332672289474336.00 172832885721700384.00 178808695439155616.00 146307094492062176.00 284994079612493696.00 191253652191576512.00 223003421575954656.00 328344151613200128.00 2376902721156646.50 168412969716843232.00 
146477727822506112.00 272724084709536192.00 415078901659097728.00 229692793664593216.00 237605443242743136.00 210450073040344000.00 11902260123053020.00 169449491710819392.00 662000623884363136.00 198393318462154848.00 224903650283547616.00 264800087174719584.00 584665037973226752.00 178778358585263648.00 30353408861986536.00 1699780979225599.00 132280102573838032.00 184691216646948736.00 416658861692512064.00 191520289112717120.00 
210887308522007360.00 260066568768366976.00 2398846486392895.00 292154616106685696.00 184551968304607296.00 232131681542112672.00 230203585436277280.00 253355688329950400.00 236675667317871584.00 231210418072740832.00 238031200428489856.00 89761094186659520.00 6361891670727765.00 134191302585319152.00 515276703779828480.00 528146520776681.00 178020494273288000.00 272358159733899904.00 246920487791653344.00 528964144875295.62 
326143524624538112.00 195371479835826592.00 230197073483202560.00 2590965468594884.50 340800210363482688.00 356184277629119.62 259447020055521536.00 1894763204116428.50 130988232106044992.00 314638832911028992.00 186093217805642240.00 206984307362535680.00 203603542807336800.00 189772207098070848.00 280998651106360992.00 3664355730838309.50 132154679229210176.00 156445793382938208.00 189491265667978720.00 7789366000322231.00 
232813422015671072.00 249184393349798496.00 257379008119335776.00 325194319937689664.00 312736417531689408.00 189736211309729984.00 204904105191078080.00 231879511340749920.00 264723159354945152.00 224961820805453184.00 210810194804663584.00 134048474542456816.00 326474387263186816.00 393480372240267072.00 50295978.06 284138466253873120.00 258426790800142208.00 244631098120233760.00 7001265876109154.00 222622451757846656.00 
1226699393226368.50 226858205817564480.00 235311332452599744.00 228678198743716576.00 228800209798359936.00 226334326659055520.00 229567400007155424.00 591588171051796096.00 225518112439086432.00 225176619688751840.00 221086674964198048.00 227084624506787744.00 225058068817847392.00 218982506458965600.00 257520360107570624.00 202741027627055424.00 226475885971639232.00 229296118597123520.00 242379760063093024.00 234705431639673312.00 
229659295324469056.00 237013191051563616.00 235191833334658432.00 187466447308065952.00 422588983996765952.00 229147949683152352.00 237435297693524960.00 234904483910972192.00 229449186476691072.00 232266681755264256.00 250770765339341824.00 384950136914227200.00 1241556584478814.50 236042117670562688.00 229660790240983872.00 469221990942842176.00 237492988053687520.00 238805294807052480.00 234360679228354464.00 194686381234044800.00 
228535742595893504.00 234534347276033888.00 235256916529116800.00 51230918.47 226656229447350144.00 223708986236790112.00 245765278845918624.00 829535455106.57 156704729895206336.00 329336150487815296.00 233237139815938368.00 233878932241819776.00 235882993206576928.00 233640942743206432.00 231104899846088768.00 589693961109648256.00 247775369809026368.00 236026120220083040.00 233549138543717504.00 232955107748496928.00 
461057641892016448.00 285114264820535456.00 259239513264526496.00 2509236376656097.00 199436339143458240.00 239100661442463808.00 235272271203460192.00 234443281678082656.00 181401464712530.97 473775597043811008.00 248335305290728768.00 392686630597399872.00 234423732532859776.00 234176136209243360.00 232806206808333728.00 227421402323805024.00 230491284413993248.00 232289635956126112.00 219633197955797184.00 411810963613507520.00 
235335361272617696.00 238346313048052064.00 237634275470576128.00 259354929892569952.00 204396319652829376.00 168185842441923904.00 232066787412123328.00 9347514847486176.00 200971270848267424.00 234486152143978976.00 236047349965842432.00 484090625535791104.00 214723141146431680.00 339070110653493632.00 202596568926814240.00 145204636457292736.00 235669284032316800.00 238676667151472800.00 245439965333257216.00 1107184876606513.62 
209638189418809696.00 151208355528435904.00 149140356612971168.00 333794986679230848.00 269394845623444416.00 241497946442199552.00 220858916024156960.00 179989668529903488.00 880910893949161984.00 219886825970089184.00 385617640516547072.00 203614816520961408.00 232740253574961536.00 229073000862952832.00 185121047372433248.00 511839067595180608.00 161417995587559648.00 269312185750748512.00 237101426718537184.00 119311178537666208.00 
133378807824404384.00 141697890138916112.00 134641399412431360.00 155975864609849536.00 145404526802708864.00 275214914133579904.00 244598916637078368.00 120363363739670192.00 391088712686323008.00 153261502836362592.00 189680274513584480.00 304578271786183424.00 244766664110018560.00 208156483954394336.00 342681648789837952.00 98987866128358704.00 4269932392229735.50 620180113864673152.00 247335779627620928.00 223433999504731712.00 
214151116441238880.00 404722526633811264.00 222064761581841536.00 101564941799180688.00 138487828183334912.00 206400806714243648.00 168293269114959520.00 181214183517875936.00 179861355176154752.00 198105854750217536.00 224739711536589504.00 117641220821727040.00 5390109541502865.00 241321966694081696.00 220446511335389760.00 188253456863680288.00 609818404772728064.00 200265326283507648.00 301435502338433984.00 5030608154478392.00 
161378904171270848.00 197470537685065088.00 547924615958975232.00 166577440032039552.00 172289731062676640.00 272509992115285824.00 211999700290796224.00 313401170971758144.00 3196521996522118.00 201551024304013856.00 189954846736101664.00 171911599965658848.00 455943567919948992.00 347036195907014144.00 141306157683123120.00 162420119954094304.00 393485262382240192.00 194498302861988128.00 210426423522543136.00 188830916950598.03 
271214131225525376.00 203314351506305280.00 160667337698492800.00 116163456657662560.00 136355613040779680.00 169179358951708128.00 462067783030222080.00 275602814613517728.00 283465279659431168.00 318478813329836864.00 236717858859982592.00 729264611477529600.00 312375223069506240.00 315559322128914752.00 253283534147937920.00 270666705565542912.00 45018046809617072.00 285844110255399040.00 325858273333246592.00 178498448945850848.00 
237388970559297184.00 278572186161089440.00 282152177737154688.00 283292487341124800.00 270667192000228480.00 10968568458435728.00 325167877570926976.00 184891465639644224.00 194744303921469120.00 231984307782910912.00 243071073760005504.00 35013123036261772.00 241338582691948128.00 285591135741473792.00 297482657890732480.00 4580589563717717.00 191084419622652704.00 279700331257833120.00 320898195105338752.00 294691860571489408.00 
312690939119260992.00 23003638132602056.00 298758875195564992.00 791896837044306560.00 298563899530932096.00 269731406036642944.00 9093447320682920.00 259921408515957472.00 257024444538990272.00 283782177911210432.00 242755025697428960.00 143464443607688224.00 186474527362741824.00 253199760208411424.00 253705501901681664.00 243783256385382656.00 259140364484236992.00 274909636820604896.00 267547611392339136.00 6307593731842925.00 
140821141118227584.00 192204316335315584.00 230478216397562592.00 263718834901133088.00 300081074134642624.00 247108321351459744.00 331158361829016640.00 188105672366678688.00 223387293664657920.00 265448839373120864.00 276411834294648224.00 9167347368568204.00 261482112345075552.00 321338603866416768.00 293919400588834944.00 120590066678618160.00 470477046914176192.00 284185551060059552.00 8236874652673420.00 311296840019120832.00 
302623150491080896.00 269313889697656896.00 251163941871510880.00 363566708226319296.00 244949515306634432.00 444058492740411456.00 286548184842878272.00 279820517205745088.00 298290671207462400.00 270871700555696704.00 342026357349041216.00 176752003214127712.00 156435756111453888.00 402295121896366720.00 198038827989617952.00 251819730627556576.00 241223850398708800.00 284719526902413760.00 435786171687320832.00 132371899547659344.00 
178803157580061760.00 234090115994391360.00 242678053391400544.00 294391878851103296.00 276789059090028032.00 290008782134526400.00 262867263029754240.00 513323106510240768.00 210346789494495520.00 220550358423065280.00 237508801067349728.00 281153899921089408.00 251809475934374784.00 242502256476600608.00 246192201587393312.00 1076201290174201728.00 279104355754173792.00 269206097308149120.00 265148615804954016.00 232467770680540064.00 
253857294643644928.00 313925375890556032.00 292101123283484672.00 321304203969634880.00 191568193626406784.00 218326357613397376.00 220662718217542336.00 224916005052715104.00 224477178271932576.00 284305741761404128.00 4334028506887510.00 387230785304090368.00 215199786387099328.00 249454755141577120.00 262667554553535680.00 304307973294123328.00 283213225424971168.00 1246202479994571.00 299651257007559616.00 162005033474173280.00 
205918424399121152.00 230234450424927168.00 229954876091611392.00 235221403175226688.00 304807736090607232.00 603878169530994.50 254243336288120448.00 169796697261021824.00 190332239383653312.00 171418092268392128.00 175919401132079936.00 186629996409007456.00 221540046544104224.00 310929424137007616.00 233564173960222240.00 140936691078448256.00 357021621857416576.00 384930203799674432.00 165021660334169408.00 288731904228952768.00 
43558565732.29 302550161608931584.00 266251495455137696.00 130948013245298384.00 675535916302571904.00 306187442639721216.00 260160225018313856.00 264617932890528448.00 255044066057245056.00 263218438247078080.00 278187090453359904.00 146933811426482784.00 269828216939798624.00 270262996963094240.00 266620831492272640.00 266184416916164928.00 261377231601357536.00 262136429940436288.00 274624521846139232.00 261747712925772640.00 
263517836342486848.00 279047875633464096.00 296504156947139520.00 286890004937163328.00 291262035051014336.00 281529629262579776.00 276203862164546464.00 716390913818593536.00 315191827799990464.00 319454881241508608.00 278948789338608896.00 290514621426427520.00 266566350933569664.00 332498862814758720.00 17488616857693308.00 188101997222586912.00 240696713788800672.00 256221265888209600.00 290469296428315200.00 202262561463084.94 
300626347281377856.00 286212685218247392.00 317957313703539392.00 136914429341252144.00 172664100102403104.00 168363591608790592.00 283124953531707456.00 356392181742415936.00 5845013942898992.00 300171460866110912.00 335692702341284224.00 203030146170702.16 156571442197925536.00 214707728477449600.00 244098133785958816.00 250030780393376512.00 270145409177226592.00 358213177019336640.00 5071156552282874.00 482631608268844864.00 
253718461322555936.00 261945324313324960.00 259639210184943712.00 258151564643351936.00 266202318957106592.00 261226328543340448.00 271542859834995584.00 426933616633034880.00 280382583182587680.00 286053809733000576.00 282011535555814112.00 284458710771501792.00 2835168722689002.50 287522063541523936.00 283840976486567616.00 154981514504901184.00 295909100625613312.00 272103509171672864.00 277441057038236928.00 261097177585405920.00 
268670445335459232.00 265465121858920896.00 266321808222226080.00 155366371094680544.00 500130707292905920.00 300830869311681664.00 276725300639289952.00 290308580487249472.00 311695784121421504.00 4925259225112133.00 295424775524391168.00 159571300672440192.00 293610008886726528.00 273153514958164480.00 252872006596228064.00 263459909126937344.00 272244742615120768.00 259131045588420480.00 317150810435724928.00 15052660217933536.00 
223906803675472768.00 274429752248402752.00 312166142625203712.00 297506666131686208.00 294075213409556352.00 281115629985051840.00 297376918863017024.00 487236439070682048.00 300848648750101824.00 296273454734120128.00 294983243429325632.00 294742114983192704.00 287362339797686656.00 275113720564143072.00 261336332577752288.00 200200895845705728.00 461187713773652736.00 277960688422095424.00 286771003699263040.00 278168326776948576.00 
296783807879817856.00 287067811914630432.00 275755338836386432.00 199989012262099776.00 825014733614005888.00 320783004154855808.00 247222838929465568.00 471769905614897664.00 50072686950428560.00 459613865208756928.00 283359943914358336.00 196573055515923840.00 503555105917251584.00 215140089229411872.00 438514767593587520.00 308433201216095616.00 311133811266131072.00 5202529396626351.00 354450436154980416.00 3959351995881103.50 
160925956799106912.00 503087904048533824.00 314426768531566464.00 309316492926557184.00 305092614514035520.00 283059864771153984.00 323309270848317184.00 170734081021035360.00 415267305078358784.00 308119824319184128.00 2907579055711087.00 309446626690813888.00 304631230726515648.00 288664507147906240.00 293513228541364544.00 144112262542036608.00 877425816927705856.00 611619573704495232.00 294949148005922368.00 307684351309278720.00 
350352767966353280.00 355255799139763456.00 5247900483275796.00 340787060299987200.00 303057134831858048.00 298638584915967616.00 9559562832592718.00 2286998882576276.50 298383960012454144.00 322411434198863040.00 323262108907143040.00 322457484655878848.00 212343796249535040.00 228860456295819040.00 309401076086628352.00 305715253577918272.00 323843531374303680.00 398650903422660672.00 317449040599566720.00 211590086199032.19 
15648624881389254.00 156883469766679424.00 157657630190250912.00 416595308811132224.00 285545556838929728.00 315419358526430336.00 308693030795790464.00 131870368854530432.00 723554921925094144.00 338166714836947008.00 292498820490200576.00 337206973920310912.00 302672697867666816.00 284130216138093728.00 324246522388678016.00 157450930555949344.00 273146046400157248.00 289889985071201856.00 286116838488773408.00 6345473104573483.00 
289488013387370624.00 309850071887214208.00 274118802886139232.00 8631170908944003.00 240345249715891232.00 293833015960201856.00 286453997603893184.00 299741341105681216.00 281913037766359424.00 275907018712714624.00 278981628209191488.00 603469709997143296.00 321163063119266560.00 320120462219984320.00 283362917560971264.00 271384079317841184.00 303544858154093376.00 289424998585276032.00 277264545055445408.00 266038954117960256.00 
282748831464480800.00 1079722137723788.00 2113321166075321.75 314660511159062592.00 294392384459096640.00 281403201752010880.00 275557924685195296.00 138801286772576672.00 197966777297443360.00 233057464350957888.00 16516491283932822.00 550886981155589120.00 315012110452167040.00 312917268380313920.00 329014764768769728.00 119278550308974208.00 175390499035548512.00 380856911488329024.00 544604558751546688.00 3417009065738835.00 
314825060264084160.00 291743998727778880.00 229850525279463648.00 440259055039820.25 2780274073927883.00 569332217804770112.00 259850454561788256.00 358141257520097664.00 330313595891236864.00 287183526151802816.00 9814643401571176.00 114821574085266048.00 143341588015616784.00 217412949129943840.00 256174080226683072.00 222499720206425472.00 342638992657449216.00 7518146122760559.00 300580214891539328.00 175321204629544384.00 
229930453427246272.00 249928741141881504.00 268312355335636736.00 4328056751977982.50 10306550088955794.00 300451940803937536.00 723451104016213248.00 576429510216781312.00 257193816383502112.00 275192104630439808.00 331091240175012608.00 362218685013503808.00 314486522558357184.00 301812925217051456.00 286536019831651392.00 139089905740301216.00 5650372185088124.00 230798838531010240.00 369136645032381504.00 9724821125302134.00 
361032380026631232.00 312021493342071104.00 294023940671533632.00 5018493520605773.00 295894856904119808.00 430066959234042304.00 255178731673071776.00 321865120446584640.00 6308014234537341.00 328119273441603776.00 310064488609673536.00 367054616227135936.00 249672615882517280.00 298550849535744896.00 293058583469082112.00 361079666977569600.00 4814416502747637.00 307502530265961920.00 310132747196805696.00 143816507174184144.00 
191136962671539840.00 447027335316654336.00 254285881020406528.00 252229068498977088.00 353705211526882368.00 327549780951227776.00 314102265641907072.00 161046476223878304.00 230687524886283648.00 235484744307695264.00 297890957112583488.00 269544752832506208.00 271420049478961856.00 214736732465462112.00 377948657997497664.00 171512574019160032.00 678367825119509120.00 261101527202222944.00 317116351881549696.00 518776809198161088.00 
252152060543909088.00 594114656711917312.00 331363560941636544.00 163283967135966048.00 237837373298223264.00 261260052312501248.00 269100407399509920.00 277551673178525056.00 301258863710299520.00 276088824122402080.00 313378003427244480.00 6354841687705453.00 3295603693116696.50 656522742390063488.00 271896834675022272.00 577398592474500608.00 620095476992115968.00 223371459432602656.00 322456593927433344.00 442192893749318528.00 
16942044939.23 527741368406579328.00 243245313223175104.00 344900034570585088.00 11862801413032020.00 320977603074023872.00 329621672500981888.00 194364347554530624.00 223968252740022048.00 242993555688723872.00 233664076902237344.00 331782010052278912.00 341712895412416832.00 2874077663645020.50 315751927457427456.00 159283198001300224.00 229635993641777984.00 267748864125610560.00 252655346101091904.00 256356930031502752.00 
598537505399257728.00 325242810203216896.00 375744591844853760.00 135502092125077408.00 638897071539474560.00 296121262600514112.00 300447330086471744.00 374248192506907904.00 2209676629818821.00 341243587925251008.00 315590614186298304.00 356447005007296064.00 233252618093883456.00 278350795302992192.00 316022351015385536.00 307969650883778880.00 59140876026626144.00 323637388085748672.00 295999427195525184.00 1133092788317460.50 
246653382930283680.00 295811255336228160.00 333162916455174144.00 310444334931722368.00 602019381272644864.00 289104687519374848.00 273056325516584640.00 439257471798917120.00 299705859700207360.00 337469473809444352.00 335024097280170304.00 13642961661172228.00 326561112007360320.00 331583865461336064.00 15411501366283620.00 426083548197306496.00 270982780880031520.00 247122396215702592.00 247579607629241504.00 5863219903911470.00 
242625417586553440.00 248081595474763808.00 256267861701751328.00 466722081893603136.00 2008021897170429.75 289649888902144768.00 266957123427921120.00 258054644140701856.00 297731691856101824.00 254382350654530688.00 254059795978437856.00 171632803859159744.00 257203396727308576.00 276462758566613088.00 214076315031432000.00 463576977136874.50 190083711046097696.00 194391916519672800.00 31857592350386224.00 113433694580411008.00 
308543715165154304.00 301443465527927168.00 2934941142539809.00 372728270233277632.00 336200364829039232.00 364064663485164352.00 259617549568078272.00 1377013580311436.50 363082091697822272.00 321570512368059264.00 1378406234357017.25 320819719689238336.00 314424458253638976.00 320787820851226688.00 313740849485251712.00 228727712894540.88 2946067226705041.00 162227030258836256.00 208698478450480352.00 232531185850313024.00 
298632942495211136.00 309384686782794112.00 307836371069980800.00 220005592109902784.00 267844821628743040.00 304727689840160768.00 291077307731817920.00 311589992717065408.00 316839470764496512.00 303031784550835584.00 320549665297155648.00 246351627185070464.00 270488274640189632.00 290943498346531584.00 286573201674247648.00 298595824605832000.00 319434872045492864.00 312376978913059712.00 359888141038475840.00 1159951486746624.00 
290878676968533760.00 774923310286715136.00 284398297541759168.00 304141398042948288.00 2740201821176777.00 312572750505447040.00 332262337583873216.00 2511966747248287.50 264825276544633600.00 309801102195538816.00 309077946655703040.00 326463062986899648.00 313837014702577920.00 309670665147420928.00 311444516174795456.00 580178886164823552.00 313842668239471360.00 333481716723682560.00 329984437125787520.00 365473177749106752.00 
318206966377180800.00 312090335128081024.00 319337090554649536.00 522907985357976512.00 614783486954664576.00 305199601763832768.00 301443468568612480.00 297996741859249216.00 323313003006876928.00 320590927832541184.00 353574130707322944.00 282737676083206432.00 305278452506887040.00 317563250701169600.00 309090521838841408.00 318153465986739008.00 325125144738377280.00 341595400921897280.00 14114048968817204.00 164635486350924032.00 
454026178886904320.00 264450687369255744.00 391476064037873984.00 1174937637464767.50 340741228175315648.00 342293327314056064.00 372492245725468864.00 348627049307909952.00 245458276156613312.00 259561709158273184.00 218349639148429440.00 365672193572691520.00 365143985265085376.00 335409731739860800.00 1032660256984896128.00 183207202883915872.00 769719054883879296.00 342758145658331392.00 331470997009751872.00 362463196307471488.00 
4120698700.29 14400019430487368.00 387316685300055616.00 2539912797617208.50 175128256299166432.00 468965366840086912.00 269562637386197056.00 355253319736244224.00 318551701555396800.00 436744593452624960.00 317655969146940480.00 479642501993366.38 190291320395084064.00 234718554185543424.00 273381359596160224.00 313722688048665792.00 308250712827492544.00 332384081896033664.00 404199407327510272.00 447182765414798720.00 
282146959962840064.00 554696063902453376.00 283725017225895840.00 291960127370236416.00 287093054463501632.00 287110391025478304.00 372633916727350464.00 233775359748868064.00 285112828654176992.00 298358255991991104.00 313389140793354496.00 316683077965663808.00 309117019893908416.00 354921308941882304.00 1642072787011534.00 678716790095331200.00 266628908097165728.00 295432733548951936.00 280953524172649120.00 272867173243498496.00 
334904316759855552.00 5445813193999531.00 355259136214390016.00 25854426008590592.00 225420272512178016.00 242912114755259232.00 289453743893887680.00 296337935542427584.00 326209795125886912.00 323014756150123520.00 320800699723456448.00 282751503114218880.00 279004084329015712.00 290387846553556032.00 307582113556096768.00 312235783321745408.00 238163982283807.25 301378385219166848.00 286852705332392320.00 156959863465523904.00 
349651315508841920.00 359645600189743936.00 238813668677323.69 354344156950488064.00 325380033886061952.00 345332139301950976.00 4286214711925181.00 158267151239237920.00 391074305544237120.00 184620243534477184.00 334075633340127616.00 314051735052005440.00 52206007353.19 316376613490445696.00 287052562112716448.00 172653313796259712.00 183694562635048032.00 41731992046129264.00 244024480614063200.00 348630837635501504.00 
295029346253651328.00 942500164278231296.00 326005746928015104.00 504140085730961152.00 489489220213664.75 232791560170070080.00 13031733169058904.00 13816791343604984.00 8096273511472110.00 182653393151057568.00 223432890879530816.00 723667942615880960.00 316373010485343680.00 368534173333065088.00 24311878998176856.00 409829369154651456.00 555275492582378496.00 230420010579194848.00 220415498328574912.00 167806926615246784.00 
229522343893664544.00 329984680054912320.00 379754152184869056.00 18307604208214596.00 331505627119620160.00 350416568091151040.00 329307842279203008.00 17098755981879222.00 212001890113463744.00 287177520918479872.00 309118300715271296.00 343934520756207872.00 350432761055978496.00 438218846219614976.00 25845660574431344.00 185723014284563648.00 230211511806072896.00 206007897592271136.00 228294107251664864.00 13179889001585430.00 
343881818115834240.00 11724097955924600.00 390216421529368768.00 465215257895999168.00 276424488173702528.00 539433186480285440.00 290121497936469056.00 250015495427933504.00 620048181434584960.00 12469792754252666.00 324754980947702912.00 10805690000282050.00 218143113186458080.00 283220977966962048.00 300481088260164608.00 279276675427090336.00 279023212938660096.00 298164860540622912.00 740263557483147.88 230471195915162592.00 
285791515663625856.00 306844519916995520.00 283689315986928384.00 504212751008217024.00 381424575803773248.00 353945118544516736.00 359400902892719808.00 207732669290023040.00 230043458898086784.00 976719324008197248.00 325179381613976896.00 363707591601218112.00 291736503774863488.00 227729571351122496.00 252144460587476480.00 384913685442663744.00 190817418175506144.00 313820172884004096.00 355971380072681152.00 672874716163896960.00 
279289563923746304.00 296263635142664832.00 575184980737648640.00 543080345156587904.00 757461685253931520.00 343100152466060032.00 321329118515009344.00 312228648313795776.00 332942121987988480.00 324165799679822336.00 322076300040353728.00 472352295660261888.00 328351654331619584.00 327134279522519552.00 331421766561478976.00 329795492666345536.00 316720008543598464.00 321205498187598784.00 326613181004133696.00 249107345149647136.00 
359267188492852160.00 1937932516726440.00 658561762737596800.00 321682653670127680.00 322165871092182272.00 324127465616724864.00 648920931601384960.00 605085806664194944.00 335074210835742400.00 750631109388747.62 328734944155899264.00 326375218070215488.00 326187854505048576.00 327689362758967104.00 328413410764204672.00 258660204009327008.00 331619932295023040.00 372114293027660096.00 332475453616908352.00 321236648932543744.00 
321379239354306432.00 324788045501555456.00 329017407266220160.00 275252870987605504.00 386784218884775360.00 379386484055643008.00 326453146801014720.00 328402344092567680.00 330105541783248320.00 326530551293879232.00 347585859842829696.00 273803911353749824.00 839609034692087296.00 333645771659378944.00 333289816607060672.00 460472900.72 344761107670852928.00 339879315540573824.00 324091455380355584.00 269880261544552480.00 
299691541410148928.00 634206953886305664.00 327659131415918080.00 331694259533333760.00 321520657478021312.00 329302326060157376.00 316907604567857344.00 521301316960335936.00 368839696451605056.00 228166516632381760.00 321901594094611200.00 338359623140627264.00 317648299221557568.00 336356812643253312.00 357311823387514880.00 566985713292093696.00 319723917001409664.00 332475752636492224.00 328484482741872640.00 337052410074467712.00 
325837050988678464.00 342708302421785152.00 309669844787706432.00 223098018189194272.00 332278921038584832.00 335663177899952704.00 339216462580232960.00 329876187901836928.00 337428658749041216.00 290168088190182528.00 201008732032459616.00 570203179397285376.00 326687916089411968.00 335686029352289280.00 325036923408960960.00 332930638318872896.00 291707616632616832.00 293017425884591232.00 229804596372035008.00 187697499177045088.00 
243245248797305024.00 347246966564182528.00 333923249217129472.00 352485816323282496.00 284800665286811520.00 395418769765857408.00 624198115814333696.00 3498935332367524.50 275344679600928704.00 333470286596848448.00 545570720610106880.00 213432466755924288.00 629160710858250368.00 681721068219950080.00 281234115355503200.00 139726910848531664.00 337226750148583808.00 340668773617681472.00 321273944975850816.00 233397771004239712.00 
271068319425847680.00 251994887956537376.00 229075655630997536.00 144930155593064000.00 865178253.21 289451202987104960.00 383371178047709248.00 289444810422513088.00 216581911940244000.00 422624457797096896.00 271071529705555904.00 437195066567775616.00 319878538733740096.00 298543450919008832.00 251585530737442816.00 226866299354461152.00 230486718544101728.00 232118021087636064.00 265313444727375168.00 632755034375619968.00 
389373830545512832.00 350607477113846976.00 344897297687228480.00 321621675212918912.00 270787456462882912.00 329616042816918592.00 2281626873841242.50 266944961453332864.00 309282165913334720.00 358702537080831296.00 376737473595966208.00 383552856165157888.00 351818169237840768.00 415751889978636672.00 520772499638892.12 13455243401914000.00 147233846500276704.00 243535032367558816.00 419259343959974208.00 361569497413556032.00 
356149465550972992.00 386608294006607616.00 413375489429658112.00 768373661188572928.00 413469395286070272.00 352350747296039552.00 19695205037899300.00 378116346296958784.00 371453329020827072.00 345804191563987136.00 377531116034972480.00 609447604903378048.00 463660582111380288.00 402797069301308416.00 365136651315925632.00 339013944318227776.00 32359489927158972.00 376291591520986944.00 393609290535835008.00 299748429038813696.00 
1457335310.48 401969832841434560.00 480015652722798080.00 425856938042868416.00 265034666762550.41 370875128949497088.00 40732075929972352.00 165350583515243392.00 223586862302109152.00 383940032422189824.00 488423674438733248.00 436301958816759808.00 399161867629710016.00 8947910320911387.00 384160795409483136.00 267328848067192416.00 311246146741175040.00 2032015516109400.75 361614461435354560.00 460480065978390720.00 
472682850092455936.00 48340428611199272.00 23397848315565144.00 2804550908727121.50 692823309631083520.00 456403488106345088.00 399550278734119552.00 399056577846177152.00 393704046948328384.00 447109560858965440.00 372397041559614272.00 152900555522080992.00 149427951248640032.00 353442996590981952.00 505978809500610240.00 471942427201089536.00 457126183681160192.00 385926362960152960.00 419260845802096192.00 1226191968213794816.00 
407608476994556608.00 362213529681638464.00 316743853414066112.00 339485067522473536.00 337137176602215680.00 22771860415217164.00 407701014409241152.00 196213718663204608.00 303848358534566656.00 282270421872969120.00 285498804345875456.00 544490261891691712.00 4937032720231402.00 312823528286576832.00 362025098186074688.00 1547263667869005.25 589171777283016832.00 280475005245587840.00 271638249064999776.00 312078051088498944.00 
287742150931200448.00 675840292807892224.00 394341961797802432.00 11090924800798268.00 396311123039257664.00 426861750190715392.00 588655935307006592.00 384018841296336320.00 533677317822663.19 384180611664903424.00 368331451755457344.00 180413758753684256.00 212177623318490784.00 666360222886618368.00 263123911393681664.00 385398714325370624.00 366255191795990784.00 374411121637588928.00 334767602626445440.00 585187083675260416.00 
9133322265001418.00 379872778961068288.00 642010682196637440.00 270953321088978144.00 266348871501234496.00 598701024163578880.00 270429748832011488.00 161350351468232160.00 360239225562026624.00 257179783806780864.00 879099059174620928.00 580094989784122240.00 398107809590646208.00 368345718506932992.00 654393847423934464.00 146862425762561664.00 119308635820560192.00 194469466495203744.00 532592188291507264.00 369592762632956544.00 
237418524594473856.00 210555151281006432.00 544475895962072.50 316448359996787904.00 227066784442792512.00 250486323147760256.00 355706231194729664.00 358288489067020608.00 400508450359929472.00 419326030945905088.00 314529059882183488.00 159570420835970048.00 182845122720982976.00 791791405335379072.00 356852100392240640.00 348724188971642880.00 574256131774246336.00 16243759144857082.00 294922607722711296.00 145374835611281792.00 
7643758440604169.00 873520962246766208.00 367570001215987200.00 377832259617597440.00 383937666814404672.00 349083491893942912.00 333791514797575040.00 161219124508128608.00 257755828484360416.00 323798882350307456.00 346451921522953472.00 349171347869009216.00 369331459842910080.00 267424342707310.97 443258526004517056.00 418148654052734976.00 612948140474232064.00 400526141113.58 300825862954695296.00 375735030988871616.00 
415615975168616384.00 390644518800268928.00 377317435206200960.00 209486139904053024.00 556444079827439744.00 252507042610236000.00 253465868785002624.00 19498467099825408.00 519843245504618048.00 619919714671831808.00 368508920582779072.00 5861976969345167.00 231996547252729952.00 279198217710407712.00 217894989244135552.00 586800582043913856.00 30091420503589888.00 399123643965871936.00 377933149782553408.00 
