89327344590038.78 
178654689180077.56 267982033770116.72 357309378360155.12 446636722950194.38 535964067540233.44 625291412130272.12 714618756720310.25 803946101310348.25 893273445900388.75 982600790490424.75 1071928135080466.88 1161255479670501.00 1250582824260544.25 1339910168850579.50 1429237513440620.50 1518564858030660.00 1607892202620696.50 1697219547210737.00 1786546891800777.50 1875874236390812.50 
1965201580980849.50 2054528925570890.00 2143856270160933.75 2233183614750972.50 2322510959341002.00 2411838303931049.50 2501165648521088.50 2590492993111126.00 2679820337701159.00 2769147682291202.50 2858475026881241.00 2947802371471281.00 3037129716061320.00 3126457060651362.50 3215784405241393.00 3305111749831430.00 3394439094421474.00 3483766439011514.50 3573093783601555.00 3662421128191586.50 
3751748472781625.00 3841075817371678.50 3930403161961699.00 4019730506551748.50 4109057851141780.00 4198385195731830.00 4287712540321867.50 4377039884911900.50 4466367229501945.00 4555694574091968.00 4645021918682004.00 4734349263272064.00 4823676607862099.00 4913003952452136.00 5002331297042177.00 5091658641632209.00 5180985986222252.00 5270313330812288.00 5359640675402318.00 5448968019992369.00 
5538295364582405.00 5627622709172444.00 5716950053762482.00 5806277398352521.00 5895604742942562.00 5984932087532605.00 6074259432122640.00 6163586776712686.00 6252914121302725.00 6342241465892765.00 6431568810482786.00 6520896155072841.00 6610223499662860.00 6699550844252907.00 6788878188842948.00 6878205533432979.00 6967532878023029.00 7056860222613064.00 7146187567203110.00 7235514911793142.00 
7324842256383173.00 7414169600973217.00 7503496945563250.00 7592824290153300.00 7682151634743357.00 7771478979333353.00 7860806323923398.00 7950133668513459.00 8039461013103497.00 8128788357693536.00 8218115702283560.00 8307443046873614.00 8396770391463660.00 8486097736053673.00 8575425080643735.00 8664752425233761.00 8754079769823801.00 8843407114413838.00 8932734459003890.00 9022061803593912.00 
9111389148183936.00 9200716492774002.00 9290043837364008.00 9379371181954088.00 9468698526544128.00 9558025871134130.00 9647353215724198.00 9736680560314238.00 9826007904904272.00 9915335249494284.00 10004662594084354.00 10093989938674388.00 10183317283264418.00 10272644627854476.00 10361971972444504.00 10451299317034562.00 10540626661624576.00 10629954006214618.00 10719281350804636.00 10808608695394700.00 
10897936039984738.00 10987263384574774.00 11076590729164810.00 11165918073754838.00 11255245418344888.00 11344572762934948.00 11433900107524964.00 11523227452115002.00 11612554796705042.00 11701882141295116.00 11791209485885124.00 11880536830475172.00 11969864175065210.00 12059191519655228.00 12148518864245280.00 12237846208835318.00 12327173553425372.00 12416500898015398.00 12505828242605450.00 12595155587195468.00 
12684482931785530.00 12773810276375538.00 12863137620965572.00 12952464965555624.00 13041792310145682.00 13131119654735690.00 13220446999325720.00 13309774343915770.00 13399101688505814.00 13488429033095878.00 13577756377685896.00 13667083722275938.00 13756411066865958.00 13845738411456008.00 13935065756046058.00 14024393100636072.00 14113720445226128.00 14203047789816146.00 14292375134406220.00 14381702478996264.00 
14471029823586284.00 14560357168176360.00 14649684512766346.00 14739011857356374.00 14828339201946434.00 14917666546536438.00 15006993891126500.00 15096321235716528.00 15185648580306600.00 15274975924896646.00 15364303269486714.00 15453630614076708.00 15542957958666706.00 15632285303256770.00 15721612647846796.00 15810939992436832.00 15900267337026918.00 15989594681616954.00 16078922026206994.00 16168249370797052.00 
16257576715387072.00 16346904059977084.00 16436231404567120.00 16525558749157174.00 16614886093747228.00 16704213438337290.00 16793540782927320.00 16882868127517376.00 16972195472107346.00 17061522816697434.00 17150850161287470.00 17240177505877444.00 17329504850467522.00 17418832195057544.00 17508159539647602.00 17597486884237664.00 17686814228827676.00 17776141573417682.00 17865468918007780.00 17954796262597758.00 
18044123607187824.00 18133450951777864.00 18222778296367872.00 18312105640957952.00 18401432985548004.00 18490760330138012.00 18580087674728016.00 18669415019318092.00 18758742363908176.00 18848069708498180.00 18937397053088256.00 19026724397678280.00 19116051742268260.00 19205379086858352.00 19294706431448396.00 19384033776038428.00 19473361120628476.00 19562688465218516.00 19652015809808544.00 19741343154398584.00 
19830670498988568.00 19919997843578672.00 20009325188168708.00 20098652532758728.00 20187979877348776.00 20277307221938772.00 20366634566528836.00 20455961911118920.00 20545289255708952.00 20634616600298932.00 20723943944889008.00 20813271289479064.00 20902598634069124.00 20991925978659144.00 21081253323249152.00 21170580667839200.00 21259908012429236.00 21349235357019296.00 21438562701609272.00 21527890046199368.00 
21617217390789400.00 21706544735379444.00 21795872079969476.00 21885199424559544.00 21974526769149548.00 22063854113739568.00 22153181458329620.00 22242508802919648.00 22331836147509676.00 22421163492099732.00 22510490836689776.00 22599818181279812.00 22689145525869896.00 22778472870459936.00 22867800215049928.00 22957127559639960.00 23046454904230004.00 23135782248820096.00 23225109593410084.00 23314436938000116.00 
23403764282590232.00 23493091627180232.00 23582418971770248.00 23671746316360360.00 23761073660950344.00 23850401005540400.00 23939728350130420.00 24029055694720476.00 24118383039310456.00 24207710383900592.00 24297037728490560.00 24386365073080592.00 24475692417670636.00 24565019762260688.00 24654347106850744.00 24743674451440848.00 24833001796030796.00 24922329140620824.00 25011656485210900.00 25100983829800876.00 
25190311174390936.00 25279638518981028.00 25368965863571060.00 25458293208161128.00 25547620552751076.00 25636947897341092.00 25726275241931144.00 25815602586521204.00 25904929931111248.00 25994257275701312.00 26083584620291364.00 26172911964881412.00 26262239309471380.00 26351566654061412.00 26440893998651440.00 26530221343241516.00 26619548687831540.00 26708876032421568.00 26798203377011628.00 26887530721601724.00 
26976858066191756.00 27066185410781712.00 27155512755371792.00 27244840099961844.00 27334167444551876.00 27423494789141972.00 27512822133731916.00 27602149478321892.00 27691476822912016.00 27780804167502052.00 27870131512092116.00 27959458856682168.00 28048786201272144.00 28138113545862188.00 28227440890452256.00 28316768235042256.00 28406095579632292.00 28495422924222340.00 28584750268812440.00 28674077613402476.00 
28763404957992528.00 28852732302582560.00 28942059647172568.00 29031386991762648.00 29120714336352720.00 29210041680942700.00 29299369025532692.00 29388696370122804.00 29478023714712748.00 29567351059302848.00 29656678403892868.00 29746005748482900.00 29835333093072876.00 29924660437662976.00 30013987782253000.00 30103315126843072.00 30192642471433056.00 30281969816023092.00 30371297160613200.00 30460624505203216.00 
30549951849793292.00 30639279194383280.00 30728606538973428.00 30817933883563288.00 30907261228153416.00 30996588572743504.00 31085915917333412.00 31175243261923544.00 31264570606513540.00 31353897951103628.00 31443225295693592.00 31532552640283752.00 31621879984873664.00 31711207329463828.00 31800534674053836.00 31889862018643832.00 31979189363233908.00 32068516707823996.00 32157844052413988.00 32247171397004024.00 
32336498741594104.00 32425826086184112.00 32515153430774144.00 32604480775364188.00 32693808119954168.00 32783135464544228.00 32872462809134240.00 32961790153724324.00 33051117498314348.00 33140444842904476.00 33229772187494456.00 33319099532084488.00 33408426876674580.00 33497754221264540.00 33587081565854640.00 33676408910444664.00 33765736255034752.00 33855063599624680.00 33944390944214692.00 34033718288804744.00 
34123045633394868.00 34212372977984948.00 34301700322574940.00 34391027667164924.00 34480355011754888.00 34569682356345028.00 34659009700935044.00 34748337045525028.00 34837664390115088.00 34926991734705132.00 35016319079295204.00 35105646423885360.00 35194973768475328.00 35284301113065304.00 35373628457655352.00 35462955802245352.00 35552283146835364.00 35641610491425488.00 35730937836015560.00 35820265180605380.00 
35909592525195516.00 35998919869785572.00 36088247214375648.00 36177574558965672.00 36266901903555728.00 36356229248145768.00 36445556592735744.00 36534883937325848.00 36624211281915904.00 36713538626505992.00 36802865971096008.00 36892193315686024.00 36981520660276024.00 37070848004866048.00 37160175349456032.00 37249502694046120.00 37338830038636184.00 37428157383226224.00 37517484727816352.00 37606812072406368.00 
37696139416996360.00 37785466761586456.00 37874794106176512.00 37964121450766376.00 38053448795356560.00 38142776139946600.00 38232103484536520.00 38321430829126600.00 38410758173716704.00 38500085518306704.00 38589412862896792.00 38678740207486784.00 38768067552076856.00 38857394896666864.00 38946722241256952.00 39036049585846952.00 39125376930437032.00 39214704275027088.00 39304031619617088.00 39393358964207000.00 
39482686308797168.00 39572013653387192.00 39661340997977136.00 39750668342567328.00 39839995687157344.00 39929323031747368.00 40018650376337416.00 40107977720927328.00 40197305065517456.00 40286632410107648.00 40375959754697552.00 40465287099287592.00 40554614443877544.00 40643941788467696.00 40733269133057672.00 40822596477647704.00 40911923822237840.00 41001251166827728.00 41090578511417904.00 41179905856007872.00 
41269233200597864.00 41358560545187904.00 41447887889778016.00 41537215234368024.00 41626542578958128.00 41715869923548136.00 41805197268138248.00 41894524612728360.00 41983851957318288.00 42073179301908224.00 42162506646498304.00 42251833991088384.00 42341161335678400.00 42430488680268328.00 42519816024858472.00 42609143369448512.00 42698470714038592.00 42787798058628624.00 42877125403218544.00 42966452747808672.00 
43055780092398736.00 43145107436988824.00 43234434781578800.00 43323762126168736.00 43413089470758888.00 43502416815348888.00 43591744159938952.00 43681071504528992.00 43770398849119088.00 43859726193709024.00 43949053538299096.00 44038380882889040.00 44127708227479136.00 44217035572069152.00 44306362916659240.00 44395690261249384.00 44485017605839296.00 44574344950429360.00 44663672295019352.00 44752999639609496.00 
44842326984199464.00 44931654328789640.00 45020981673379552.00 45110309017969568.00 45199636362559624.00 45288963707149752.00 45378291051739792.00 45467618396329672.00 45556945740919872.00 45646273085509776.00 45735600430099856.00 45824927774689904.00 45914255119279920.00 46003582463870008.00 46092909808460008.00 46182237153050088.00 46271564497640192.00 46360891842230048.00 46450219186820168.00 46539546531410280.00 
46628873876000232.00 46718201220590352.00 46807528565180464.00 46896855909770240.00 46986183254360464.00 47075510598950448.00 47164837943540496.00 47254165288130560.00 47343492632720720.00 47432819977310680.00 47522147321900688.00 47611474666490560.00 47700802011080800.00 47790129355670800.00 47879456700260840.00 47968784044850888.00 48058111389440952.00 48147438734030880.00 48236766078620912.00 48326093423211064.00 
48415420767801184.00 48504748112391008.00 48594075456981120.00 48683402801571208.00 48772730146161184.00 48862057490751168.00 48951384835341272.00 49040712179931272.00 49130039524521376.00 49219366869111384.00 49308694213701488.00 49398021558291448.00 49487348902881696.00 49576676247471592.00 49666003592061592.00 49755330936651672.00 49844658281241648.00 49933985625831664.00 50023312970421800.00 50112640315011768.00 
50201967659601752.00 50291295004191816.00 50380622348781872.00 50469949693371928.00 50559277037962056.00 50648604382551896.00 50737931727142120.00 50827259071732064.00 50916586416322256.00 51005913760912072.00 51095241105502152.00 51184568450092288.00 51273895794682184.00 51363223139272184.00 51452550483862288.00 51541877828452352.00 51631205173042408.00 51720532517632480.00 51809859862222496.00 51899187206812392.00 
51988514551402624.00 52077841895992432.00 52167169240582728.00 52256496585172736.00 52345823929762824.00 52435151274352656.00 52524478618942760.00 52613805963532712.00 52703133308122824.00 52792460652712904.00 52881787997302880.00 52971115341892952.00 53060442686483032.00 53149770031073072.00 53239097375663080.00 53328424720253104.00 53417752064843136.00 53507079409433032.00 53596406754023256.00 53685734098613376.00 
53775061443203448.00 53864388787793432.00 53953716132383512.00 54043043476973408.00 54132370821563424.00 54221698166153552.00 54311025510743584.00 54400352855333568.00 54489680199923688.00 54579007544513760.00 54668334889103752.00 54757662233693656.00 54846989578283944.00 54936316922873824.00 55025644267463832.00 55114971612054016.00 55204298956643784.00 55293626301233936.00 55382953645824032.00 55472280990414104.00 
55561608335004104.00 55650935679593992.00 55740263024184232.00 55829590368774304.00 55918917713364336.00 56008245057954248.00 56097572402544288.00 56186899747134344.00 56276227091724376.00 56365554436314568.00 56454881780904512.00 56544209125494720.00 56633536470084512.00 56722863814674592.00 56812191159264584.00 56901518503854792.00 56990845848444680.00 57080173193034712.00 57169500537624880.00 57258827882214904.00 
57348155226804952.00 57437482571394920.00 57526809915985056.00 57616137260575144.00 57705464605165120.00 57794791949755024.00 57884119294345136.00 57973446638935256.00 58062773983525296.00 58152101328115240.00 58241428672705440.00 58330756017295440.00 58420083361885400.00 58509410706475424.00 58598738051065384.00 58688065395655344.00 58777392740245608.00 58866720084835512.00 58956047429425496.00 59045374774015536.00 
59134702118605696.00 59224029463195808.00 59313356807785736.00 59402684152375856.00 59492011496965800.00 59581338841555936.00 59670666186145752.00 59759993530736040.00 59849320875325952.00 59938648219916136.00 60027975564506000.00 60117302909096184.00 60206630253686144.00 60295957598276056.00 60385284942866112.00 60474612287456224.00 60563939632046184.00 60653266976636296.00 60742594321226400.00 60831921665816424.00 
60921249010406432.00 61010576354996504.00 61099903699586584.00 61189231044176600.00 61278558388766560.00 61367885733356648.00 61457213077946856.00 61546540422536776.00 61635867767126576.00 61725195111716832.00 61814522456306832.00 61903849800896864.00 61993177145487008.00 62082504490076896.00 62171831834666824.00 62261159179256880.00 62350486523847088.00 62439813868437032.00 62529141213027080.00 62618468557617256.00 
62707795902207256.00 62797123246797264.00 62886450591387184.00 62975777935977304.00 63065105280567504.00 63154432625157448.00 63243759969747328.00 63333087314337576.00 63422414658927656.00 63511742003517536.00 63601069348107672.00 63690396692697592.00 63779724037287664.00 63869051381877552.00 63958378726467816.00 64047706071057752.00 64137033415647992.00 64226360760237952.00 64315688104827976.00 64405015449417760.00 
64494342794008048.00 64583670138598032.00 64672997483188208.00 64762324827777992.00 64851652172368224.00 64940979516958240.00 65030306861548288.00 65119634206138160.00 65208961550728376.00 65298288895318408.00 65387616239908336.00 65476943584498528.00 65566270929088456.00 65655598273678600.00 65744925618268480.00 65834252962858592.00 65923580307448648.00 66012907652038616.00 66102234996628696.00 66191562341218808.00 
66280889685808952.00 66370217030398928.00 66459544374988912.00 66548871719578984.00 66638199064168976.00 66727526408759072.00 66816853753349160.00 66906181097939016.00 66995508442529080.00 67084835787119256.00 67174163131709280.00 67263490476299304.00 67352817820889328.00 67442145165479488.00 67531472510069504.00 67620799854659240.00 67710127199249360.00 67799454543839440.00 67888781888429384.00 67978109233019496.00 
68067436577609488.00 68156763922199408.00 68246091266789736.00 68335418611379792.00 68424745955969896.00 68514073300559728.00 68603400645149880.00 68692727989739856.00 68782055334329848.00 68871382678919888.00 68960710023509776.00 69050037368099752.00 69139364712690056.00 69228692057280088.00 69318019401870088.00 69407346746460192.00 69496674091050056.00 69586001435640080.00 69675328780230176.00 69764656124820304.00 
69853983469410264.00 69943310814000440.00 70032638158590408.00 70121965503180392.00 70211292847770720.00 70300620192360512.00 70389947536950656.00 70479274881540504.00 70568602226130608.00 70657929570720728.00 70747256915310704.00 70836584259900696.00 70925911604490704.00 71015238949080800.00 71104566293670728.00 71193893638260696.00 71283220982850976.00 71372548327441000.00 71461875672031120.00 71551203016621136.00 
71640530361210760.00 71729857705801024.00 71819185050391032.00 71908512394981200.00 71997839739571144.00 72087167084161296.00 72176494428751296.00 72265821773341360.00 72355149117931344.00 72444476462521488.00 72533803807111456.00 72623131151701360.00 72712458496291536.00 72801785840881568.00 72891113185471488.00 72980440530061664.00 73069767874651696.00 73159095219241840.00 73248422563831808.00 73337749908421744.00 
73427077253011984.00 73516404597601856.00 73605731942192016.00 73695059286781904.00 73784386631372048.00 73873713975962208.00 73963041320552048.00 74052368665142160.00 74141696009732096.00 74231023354322400.00 74320350698912064.00 74409678043502160.00 74499005388092240.00 74588332732682160.00 74677660077272368.00 74766987421862464.00 74856314766452448.00 74945642111042496.00 75034969455632704.00 75124296800222576.00 
75213624144812736.00 75302951489402560.00 75392278833992720.00 75481606178582800.00 75570933523172912.00 75660260867762848.00 75749588212353024.00 75838915556942848.00 75928242901532752.00 76017570246122992.00 76106897590713120.00 76196224935303264.00 76285552279893200.00 76374879624483024.00 76464206969073040.00 76553534313663360.00 76642861658253200.00 76732189002843360.00 76821516347433408.00 76910843692023488.00 
77000171036613408.00 77089498381203568.00 77178825725793584.00 77268153070383408.00 77357480414973568.00 77446807759563760.00 77536135104153712.00 77625462448743664.00 77714789793333728.00 77804117137923696.00 77893444482513904.00 77982771827103824.00 78072099171693904.00 78161426516283984.00 78250753860874064.00 78340081205464192.00 78429408550054176.00 78518735894644128.00 78608063239234176.00 78697390583824240.00 
78786717928414000.00 78876045273004208.00 78965372617594336.00 79054699962184016.00 79144027306774384.00 79233354651364256.00 79322681995954272.00 79412009340544640.00 79501336685134656.00 79590664029724640.00 79679991374314688.00 79769318718904864.00 79858646063494736.00 79947973408084720.00 80037300752674832.00 80126628097264928.00 80215955441854656.00 80305282786444720.00 80394610131034912.00 80483937475624896.00 
80573264820215296.00 80662592164805120.00 80751919509395104.00 80841246853984944.00 80930574198575184.00 81019901543165264.00 81109228887755088.00 81198556232345344.00 81287883576935392.00 81377210921525280.00 81466538266115344.00 81555865610705264.00 81645192955295408.00 81734520299885440.00 81823847644475680.00 81913174989065440.00 82002502333655456.00 82091829678245552.00 82181157022835808.00 82270484367425632.00 
82359811712015744.00 82449139056605840.00 82538466401195728.00 82627793745785744.00 82717121090375808.00 82806448434966096.00 82895775779556032.00 82985103124145920.00 83074430468736048.00 83163757813326048.00 83253085157916256.00 83342412502505824.00 83431739847096272.00 83521067191686208.00 83610394536276496.00 83699721880866224.00 83789049225456720.00 83878376570046592.00 83967703914636576.00 84057031259226384.00 
84146358603816448.00 84235685948406592.00 84325013292996608.00 84414340637586752.00 84503667982176768.00 84592995326766752.00 84682322671356800.00 84771650015946880.00 84860977360536656.00 84950304705126656.00 85039632049716944.00 85128959394306832.00 85218286738897024.00 85307614083486976.00 85396941428077184.00 85486268772667056.00 85575596117257248.00 85664923461846992.00 85754250806437088.00 85843578151027104.00 
85932905495617344.00 86022232840207520.00 86111560184797472.00 86200887529387504.00 86290214873977648.00 86379542218567600.00 86468869563157600.00 86558196907747440.00 86647524252337472.00 86736851596927648.00 86826178941517776.00 86915506286107888.00 87004833630697776.00 87094160975287968.00 87183488319877904.00 87272815664467728.00 87362143009057984.00 87451470353647840.00 87540797698238176.00 87630125042827856.00 
87719452387418048.00 87808779732007936.00 87898107076598192.00 87987434421188304.00 88076761765778080.00 88166089110368320.00 88255416454958272.00 88344743799548480.00 88434071144138304.00 88523398488728160.00 88612725833318480.00 88702053177908448.00 88791380522498768.00 88880707867088544.00 88970035211678592.00 89059362556268592.00 89148689900858720.00 89238017245448768.00 89327344590038704.00 89416671934628880.00 
89505999279218992.00 89595326623808896.00 89684653968398928.00 89773981312989216.00 89863308657579280.00 89952636002169184.00 90041963346759104.00 90131290691349312.00 90220618035939136.00 90309945380529296.00 90399272725119248.00 90488600069709184.00 90577927414299504.00 90667254758889216.00 90756582103479584.00 90845909448069616.00 90935236792659344.00 91024564137249296.00 91113891481839744.00 91203218826429792.00 
91292546171019552.00 91381873515609856.00 91471200860199712.00 91560528204789920.00 91649855549379808.00 91739182893969968.00 91828510238559840.00 91917837583150128.00 92007164927740016.00 92096492272330160.00 92185819616920016.00 92275146961509984.00 92364474306100176.00 92453801650690160.00 92543128995280384.00 92632456339870112.00 92721783684460096.00 92811111029050256.00 92900438373640336.00 92989765718230560.00 
93079093062820560.00 93168420407410432.00 93257747752000464.00 93347075096590784.00 93436402441180704.00 93525729785770352.00 93615057130360928.00 93704384474950720.00 93793711819540480.00 93883039164130624.00 93972366508720928.00 94061693853311248.00 94151021197900896.00 94240348542490864.00 94329675887080992.00 94419003231671280.00 94508330576261120.00 94597657920851008.00 94686985265441440.00 94776312610030752.00 
94865639954621360.00 94954967299210960.00 95044294643801376.00 95133621988391168.00 95222949332981120.00 95312276677571712.00 95401604022161600.00 95490931366751472.00 95580258711341600.00 95669586055931504.00 95758913400521680.00 95848240745111632.00 95937568089701776.00 96026895434291696.00 96116222778881904.00 96205550123472176.00 96294877468061760.00 96384204812651744.00 96473532157241824.00 96562859501831888.00 
96652186846422128.00 96741514191011920.00 96830841535602368.00 96920168880192128.00 97009496224782016.00 97098823569372128.00 97188150913962240.00 97277478258552512.00 97366805603142416.00 97456132947732080.00 97545460292322368.00 97634787636912352.00 97724114981502336.00 97813442326092560.00 97902769670682544.00 97992097015272672.00 98081424359862544.00 98170751704452672.00 98260079049042752.00 98349406393632736.00 
98438733738222768.00 98528061082812816.00 98617388427402976.00 98706715771992752.00 98796043116582896.00 98885370461172800.00 98974697805763392.00 99064025150352960.00 99153352494943184.00 99242679839533088.00 99332007184123184.00 99421334528713360.00 99510661873303344.00 99599989217893232.00 99689316562483296.00 99778643907073264.00 99867971251663328.00 99957298596253504.00 100046625940843600.00 100135953285433552.00 
100225280630023536.00 100314607974613392.00 100403935319203504.00 100493262663793808.00 100582590008383632.00 100671917352973824.00 100761244697563744.00 100850572042153648.00 100939899386743856.00 101029226731334032.00 101118554075924112.00 101207881420513936.00 101297208765103792.00 101386536109693920.00 101475863454284240.00 101565190798873824.00 101654518143464128.00 101743845488053936.00 101833172832644512.00 101922500177234160.00 
102011827521824144.00 102101154866414480.00 102190482211004304.00 102279809555594480.00 102369136900184576.00 102458464244774704.00 102547791589364368.00 102637118933954736.00 102726446278544368.00 102815773623134384.00 102905100967724576.00 102994428312314944.00 103083755656904704.00 103173083001494640.00 103262410346084816.00 103351737690674624.00 103441065035264960.00 103530392379854992.00 103619719724444992.00 103709047069034976.00 
103798374413624784.00 103887701758215072.00 103977029102805248.00 104066356447395200.00 104155683791984864.00 104245011136575360.00 104334338481165456.00 104423665825755696.00 104512993170345472.00 104602320514935280.00 104691647859525648.00 104780975204115536.00 104870302548705312.00 104959629893295408.00 105048957237885520.00 105138284582475824.00 105227611927065424.00 105316939271655392.00 105406266616245648.00 105495593960835760.00 
105584921305425808.00 105674248650015856.00 105763575994605760.00 105852903339195760.00 105942230683785904.00 106031558028375968.00 106120885372966064.00 106210212717556064.00 106299540062146144.00 106388867406736208.00 106478194751326160.00 106567522095916480.00 106656849440506208.00 106746176785096160.00 106835504129686272.00 106924831474276304.00 107014158818866064.00 107103486163456272.00 107192813508046512.00 107282140852636464.00 
107371468197226752.00 107460795541816880.00 107550122886406896.00 107639450230996816.00 107728777575586864.00 107818104920176608.00 107907432264767024.00 107996759609356720.00 108086086953946816.00 108175414298536992.00 108264741643126848.00 108354068987717088.00 108443396332307104.00 108532723676897184.00 108622051021487168.00 108711378366077120.00 108800705710667136.00 108890033055257280.00 108979360399847376.00 109068687744437216.00 
109158015089027520.00 109247342433617392.00 109336669778207504.00 109425997122797392.00 109515324467387312.00 109604651811977600.00 109693979156567888.00 109783306501158048.00 109872633845747648.00 109961961190337520.00 110051288534927664.00 110140615879517936.00 110229943224108032.00 110319270568697840.00 110408597913287568.00 110497925257877664.00 110587252602467872.00 110676579947058096.00 110765907291648064.00 110855234636238096.00 
110944561980828208.00 111033889325418272.00 111123216670008208.00 111212544014598272.00 111301871359187984.00 111391198703778384.00 111480526048368464.00 111569853392958272.00 111659180737548608.00 111748508082138768.00 111837835426728672.00 111927162771318848.00 112016490115908496.00 112105817460498832.00 112195144805088576.00 112284472149678864.00 112373799494268688.00 112463126838859040.00 112552454183448752.00 112641781528038608.00 
112731108872629136.00 112820436217219008.00 112909763561809024.00 112999090906399088.00 113088418250989440.00 113177745595579216.00 113267072940169024.00 113356400284759376.00 113445727629349184.00 113535054973939776.00 113624382318529168.00 113713709663119520.00 113803037007709584.00 113892364352299712.00 113981691696889360.00 114071019041479424.00 114160346386069424.00 114249673730659584.00 114339001075249760.00 114428328419839552.00 
114517655764429808.00 114606983109019824.00 114696310453609904.00 114785637798199792.00 114874965142789840.00 114964292487379856.00 115053619831970112.00 115142947176560112.00 115232274521150288.00 115321601865740288.00 115410929210330240.00 115500256554920144.00 115589583899510048.00 115678911244100224.00 115768238588690272.00 115857565933280016.00 115946893277870512.00 116036220622460480.00 116125547967050592.00 116214875311640496.00 
116304202656230480.00 116393530000820432.00 116482857345410880.00 116572184690000464.00 116661512034590880.00 116750839379180640.00 116840166723770800.00 116929494068361008.00 117018821412950848.00 117108148757540864.00 117197476102130768.00 117286803446721008.00 117376130791310688.00 117465458135901152.00 117554785480491216.00 117644112825081120.00 117733440169671024.00 117822767514261104.00 117912094858850992.00 118001422203441152.00 
118090749548031072.00 118180076892621168.00 118269404237211392.00 118358731581801664.00 118448058926391616.00 118537386270981328.00 118626713615571472.00 118716040960161504.00 118805368304751712.00 118894695649341648.00 118984022993931600.00 119073350338521664.00 119162677683111872.00 119252005027702000.00 119341332372291504.00 119430659716881744.00 119519987061472080.00 119609314406061904.00 119698641750651904.00 119787969095241760.00 
119877296439832272.00 119966623784421920.00 120055951129012000.00 120145278473602272.00 120234605818192368.00 120323933162782208.00 120413260507372288.00 120502587851962304.00 120591915196552112.00 120681242541142256.00 120770569885732224.00 120859897230322352.00 120949224574912448.00 121038551919502560.00 121127879264092368.00 121217206608682368.00 121306533953272592.00 121395861297862480.00 121485188642452800.00 121574515987042688.00 
121663843331632848.00 121753170676222816.00 121842498020812864.00 121931825365402768.00 122021152709993008.00 122110480054582656.00 122199807399173168.00 122289134743763072.00 122378462088353200.00 122467789432943056.00 122557116777533120.00 122646444122123280.00 122735771466713296.00 122825098811303232.00 122914426155893712.00 123003753500483312.00 123093080845073552.00 123182408189663824.00 123271735534253152.00 123361062878843520.00 
123450390223433664.00 123539717568023552.00 123629044912613664.00 123718372257203680.00 123807699601793728.00 123897026946383952.00 123986354290974016.00 124075681635564064.00 124165008980153792.00 124254336324744032.00 124343663669333648.00 124432991013924064.00 124522318358513760.00 124611645703104224.00 124700973047694176.00 124790300392284304.00 124879627736874064.00 124968955081464368.00 125058282426054160.00 125147609770644352.00 
125236937115234512.00 125326264459824208.00 125415591804414512.00 125504919149004416.00 125594246493594528.00 125683573838184512.00 125772901182774368.00 125862228527364608.00 125951555871954608.00 126040883216544736.00 126130210561135008.00 126219537905725184.00 126308865250314896.00 126398192594904928.00 126487519939494656.00 126576847284085200.00 126666174628675152.00 126755501973264992.00 126844829317855312.00 126934156662445152.00 
127023484007035072.00 127112811351625040.00 127202138696215344.00 127291466040805392.00 127380793385395184.00 127470120729985792.00 127559448074575328.00 127648775419165360.00 127738102763755104.00 127827430108345600.00 127916757452935632.00 128006084797525632.00 128095412142115504.00 128184739486705424.00 128274066831295984.00 128363394175885632.00 128452721520475904.00 128542048865065808.00 128631376209655952.00 128720703554245792.00 
128810030898835520.00 128899358243425840.00 128988685588016096.00 129078012932606240.00 129167340277196064.00 129256667621786048.00 129345994966376416.00 129435322310966112.00 129524649655555984.00 129613977000146240.00 129703304344736448.00 129792631689326272.00 129881959033916480.00 129971286378506496.00 130060613723096576.00 130149941067686128.00 130239268412276320.00 130328595756866672.00 130417923101456752.00 130507250446046784.00 
130596577790636816.00 130685905135226688.00 130775232479816672.00 130864559824406672.00 130953887168997056.00 131043214513587104.00 131132541858176912.00 131221869202767216.00 131311196547357200.00 131400523891946896.00 131489851236536960.00 131579178581127088.00 131668505925717184.00 131757833270307328.00 131847160614897296.00 131936487959487456.00 132025815304077232.00 132115142648667520.00 132204469993257392.00 132293797337847760.00 
132383124682437616.00 132472452027027504.00 132561779371617904.00 132651106716207424.00 132740434060797856.00 132829761405387728.00 132919088749977824.00 133008416094567584.00 133097743439157968.00 133187070783747872.00 133276398128337952.00 133365725472927888.00 133455052817518144.00 133544380162108064.00 133633707506698320.00 133723034851288016.00 133812362195878032.00 133901689540467776.00 133991016885058160.00 134080344229648448.00 
134169671574238512.00 134258998918828400.00 134348326263418560.00 134437653608007984.00 134526980952598608.00 134616308297188448.00 134705635641778656.00 134794962986368528.00 134884290330958976.00 134973617675548768.00 135062945020139008.00 135152272364728912.00 135241599709318480.00 135330927053908880.00 135420254398498720.00 135509581743088880.00 135598909087678880.00 135688236432269024.00 135777563776858768.00 135866891121449184.00 
135956218466038992.00 136045545810629024.00 136134873155218976.00 136224200499809072.00 136313527844398816.00 136402855188989280.00 136492182533579472.00 136581509878169552.00 136670837222759584.00 136760164567349312.00 136849491911939792.00 136938819256529520.00 137028146601119456.00 137117473945709584.00 137206801290299760.00 137296128634889392.00 137385455979479712.00 137474783324069824.00 137564110668659696.00 137653438013249744.00 
137742765357839776.00 137832092702429488.00 137921420047019552.00 138010747391609872.00 138100074736199504.00 138189402080789776.00 138278729425380112.00 138368056769970192.00 138457384114560176.00 138546711459150336.00 138636038803740176.00 138725366148330288.00 138814693492920384.00 138904020837510592.00 138993348182100112.00 139082675526690528.00 139172002871280160.00 139261330215870384.00 139350657560460352.00 139439984905050592.00 
139529312249640608.00 139618639594230336.00 139707966938820528.00 139797294283410656.00 139886621628000880.00 139975948972590832.00 140065276317180816.00 140154603661771344.00 140243931006360784.00 140333258350950832.00 140422585695541440.00 140511913040130960.00 140601240384721024.00 140690567729310848.00 140779895073901312.00 140869222418491136.00 140958549763081008.00 141047877107671136.00 141137204452261216.00 141226531796851536.00 
141315859141441456.00 141405186486031456.00 141494513830621408.00 141583841175211728.00 141673168519801392.00 141762495864391712.00 141851823208981408.00 141941150553571248.00 142030477898161600.00 142119805242751664.00 142209132587341456.00 142298459931932128.00 142387787276521392.00 142477114621112000.00 142566441965701952.00 142655769310291744.00 142745096654882000.00 142834423999472144.00 142923751344062240.00 143013078688652096.00 
143102406033242272.00 143191733377832048.00 143281060722421520.00 143370388067012192.00 143459715411602048.00 143549042756192144.00 143638370100782064.00 143727697445372176.00 143817024789962400.00 143906352134552576.00 143995679479142288.00 144085006823732816.00 144174334168322592.00 144263661512912512.00 144352988857502592.00 144442316202092768.00 144531643546682720.00 144620970891272608.00 144710298235862688.00 144799625580453024.00 
144888952925042976.00 144978280269632960.00 145067607614222912.00 145156934958813120.00 145246262303402720.00 145335589647992992.00 145424916992583072.00 145514244337173152.00 145603571681763136.00 145692899026353152.00 145782226370942976.00 145871553715533312.00 145960881060123328.00 146050208404713408.00 146139535749303392.00 146228863093893184.00 146318190438483680.00 146407517783073440.00 146496845127663616.00 146586172472253920.00 
146675499816843488.00 146764827161433728.00 146854154506023968.00 146943481850613920.00 147032809195203712.00 147122136539793920.00 147211463884384032.00 147300791228973856.00 147390118573563808.00 147479445918153984.00 147568773262744096.00 147658100607334304.00 147747427951924416.00 147836755296514304.00 147926082641104096.00 148015409985694144.00 148104737330284320.00 148194064674874208.00 148283392019464192.00 148372719364054464.00 
148462046708644800.00 148551374053234528.00 148640701397824128.00 148730028742414624.00 148819356087004320.00 148908683431594368.00 148998010776184480.00 149087338120774848.00 149176665465364320.00 149265992809955040.00 149355320154544736.00 149444647499135264.00 149533974843724928.00 149623302188315104.00 149712629532904896.00 149801956877495456.00 149891284222084992.00 149980611566675520.00 150069938911265408.00 150159266255855072.00 
150248593600445152.00 150337920945035584.00 150427248289625472.00 150516575634215616.00 150605902978805120.00 150695230323395744.00 150784557667985440.00 150873885012575552.00 150963212357165600.00 151052539701755616.00 151141867046345824.00 151231194390935488.00 151320521735525696.00 151409849080116032.00 151499176424706048.00 151588503769295712.00 151677831113885696.00 151767158458475776.00 151856485803065504.00 151945813147656032.00 
152035140492245984.00 152124467836836064.00 152213795181426240.00 152303122526016416.00 152392449870606528.00 152481777215196192.00 152571104559786400.00 152660431904376416.00 152749759248966048.00 152839086593556384.00 152928413938146080.00 153017741282736864.00 153107068627326720.00 153196395971916640.00 153285723316506400.00 153375050661096416.00 153464378005686720.00 153553705350276736.00 153643032694866816.00 153732360039456832.00 
153821687384046976.00 153911014728636864.00 154000342073226816.00 154089669417817216.00 154178996762407136.00 154268324106996960.00 154357651451587168.00 154446978796177120.00 154536306140766816.00 154625633485357088.00 154714960829947136.00 154804288174537248.00 154893615519127520.00 154982942863717280.00 155072270208307424.00 155161597552897536.00 155250924897487328.00 155340252242077504.00 155429579586667456.00 155518906931257696.00 
155608234275847392.00 155697561620437984.00 155786888965027808.00 155876216309617728.00 155965543654207648.00 156054870998798112.00 156144198343387808.00 156233525687977568.00 156322853032567968.00 156412180377157760.00 156501507721748128.00 156590835066337888.00 156680162410928384.00 156769489755517824.00 156858817100108352.00 156948144444698528.00 157037471789288256.00 157126799133878464.00 157216126478468352.00 157305453823058464.00 
157394781167648480.00 157484108512238080.00 157573435856828000.00 157662763201418560.00 157752090546008416.00 157841417890598592.00 157930745235188672.00 158020072579778720.00 158109399924368032.00 158198727268958976.00 158288054613548768.00 158377381958139104.00 158466709302728512.00 158556036647318592.00 158645363991908544.00 158734691336498784.00 158824018681089280.00 158913346025679296.00 159002673370269312.00 159092000714859424.00 
159181328059449280.00 159270655404039104.00 159359982748629376.00 159449310093219456.00 159538637437809728.00 159627964782399616.00 159717292126989472.00 159806619471579872.00 159895946816169440.00 159985274160759776.00 160074601505349664.00 160163928849939552.00 160253256194529856.00 160342583539119680.00 160431910883709312.00 160521238228300160.00 160610565572889440.00 160699892917479872.00 160789220262069824.00 160878547606659808.00 
160967874951249792.00 161057202295840160.00 161146529640430592.00 161235856985019968.00 161325184329610240.00 161414511674199712.00 161503839018790208.00 161593166363380608.00 161682493707969888.00 161771821052560448.00 161861148397150368.00 161950475741740128.00 162039803086330528.00 162129130430920384.00 162218457775510176.00 162307785120100032.00 162397112464690688.00 162486439809280512.00 162575767153870784.00 162665094498460704.00 
162754421843050560.00 162843749187640608.00 162933076532230688.00 163022403876820320.00 163111731221410528.00 163201058566000800.00 163290385910590816.00 163379713255181280.00 163469040599770880.00 163558367944360832.00 163647695288951360.00 163737022633541216.00 163826349978130880.00 163915677322721216.00 164005004667310912.00 164094332011901472.00 164183659356491104.00 164272986701081664.00 164362314045671616.00 164451641390261696.00 
164540968734851264.00 164630296079441088.00 164719623424031488.00 164808950768621728.00 164898278113211680.00 164987605457801088.00 165076932802391456.00 165166260146981664.00 165255587491571488.00 165344914836161536.00 165434242180751616.00 165523569525342016.00 165612896869932192.00 165702224214521440.00 165791551559112064.00 165880878903701728.00 165970206248291840.00 166059533592882080.00 166148860937472096.00 166238188282061952.00 
166327515626652096.00 166416842971242592.00 166506170315832512.00 166595497660422496.00 166684825005011648.00 166774152349602624.00 166863479694192544.00 166952807038782464.00 167042134383372416.00 167131461727962976.00 167220789072552992.00 167310116417142560.00 167399443761732448.00 167488771106322688.00 167578098450913440.00 167667425795502912.00 167756753140093184.00 167846080484682720.00 167935407829273152.00 168024735173862880.00 
168114062518452768.00 168203389863043392.00 168292717207632896.00 168382044552223264.00 168471371896813184.00 168560699241403136.00 168650026585993216.00 168739353930583168.00 168828681275173504.00 168918008619763776.00 169007335964353536.00 169096663308943840.00 169185990653533504.00 169275317998123328.00 169364645342713600.00 169453972687303616.00 169543300031893760.00 169632627376483584.00 169721954721073312.00 169811282065663424.00 
169900609410253312.00 169989936754843776.00 170079264099433888.00 170168591444023968.00 170257918788613664.00 170347246133204256.00 170436573477794048.00 170525900822383968.00 170615228166973952.00 170704555511564384.00 170793882856154368.00 170883210200744224.00 170972537545334112.00 171061864889924160.00 171151192234514496.00 171240519579104832.00 171329846923693984.00 171419174268284608.00 171508501612874176.00 171597828957464288.00 
171687156302054208.00 171776483646644640.00 171865810991234688.00 171955138335824864.00 172044465680415040.00 172133793025004736.00 172223120369594944.00 172312447714184736.00 172401775058775008.00 172491102403364928.00 172580429747955296.00 172669757092544896.00 172759084437135200.00 172848411781724992.00 172937739126315200.00 173027066470904576.00 173116393815494880.00 173205721160085504.00 173295048504674944.00 173384375849265504.00 
173473703193855296.00 173563030538445376.00 173652357883035552.00 173741685227625248.00 173831012572215776.00 173920339916805888.00 174009667261395552.00 174098994605985696.00 174188321950575936.00 174277649295165792.00 174366976639755808.00 174456303984345504.00 174545631328935456.00 174634958673525792.00 174724286018115968.00 174813613362706304.00 174902940707295680.00 174992268051886208.00 175081595396476352.00 175170922741066496.00 
175260250085655712.00 175349577430245984.00 175438904774836096.00 175528232119426592.00 175617559464015872.00 175706886808606368.00 175796214153196384.00 175885541497786208.00 175974868842376608.00 176064196186966080.00 176153523531556160.00 176242850876146176.00 176332178220736640.00 176421505565326624.00 176510832909916544.00 176600160254506784.00 176689487599096960.00 176778814943687072.00 176868142288276608.00 176957469632866784.00 
177046796977456320.00 177136124322046912.00 177225451666636960.00 177314779011226688.00 177404106355816896.00 177493433700407424.00 177582761044997536.00 177672088389587520.00 177761415734177088.00 177850743078767808.00 177940070423357184.00 178029397767947360.00 178118725112537184.00 178208052457127488.00 178297379801717440.00 178386707146307808.00 178476034490897536.00 178565361835487232.00 178654689180077408.00 178744016524667424.00 
178833343869257760.00 178922671213847872.00 179011998558437984.00 179101325903027616.00 179190653247617792.00 179279980592208128.00 179369307936797856.00 179458635281387936.00 179547962625978432.00 179637289970568224.00 179726617315158560.00 179815944659748032.00 179905272004338368.00 179994599348928224.00 180083926693518208.00 180173254038108448.00 180262581382698624.00 180351908727288544.00 180441236071878272.00 180530563416468224.00 
180619890761058592.00 180709218105649024.00 180798545450238496.00 180887872794828736.00 180977200139418368.00 181066527484008672.00 181155854828599008.00 181245182173188608.00 181334509517778432.00 181423836862368448.00 181513164206959168.00 181602491551548928.00 181691818896139232.00 181781146240728960.00 181870473585318688.00 181959800929909728.00 182049128274498592.00 182138455619089056.00 182227782963679488.00 182317110308269120.00 
182406437652859584.00 182495764997448256.00 182585092342039104.00 182674419686629120.00 182763747031219712.00 182853074375809664.00 182942401720399424.00 183031729064988928.00 183121056409579840.00 183210383754169728.00 183299711098759616.00 183389038443349376.00 183478365787939936.00 183567693132529248.00 183657020477119680.00 183746347821709792.00 183835675166300256.00 183925002510890144.00 184014329855480032.00 184103657200070272.00 
184192984544660320.00 184282311889250528.00 184371639233840032.00 184460966578430048.00 184550293923019968.00 184639621267609888.00 184728948612200352.00 184818275956789760.00 184907603301380320.00 184996930645970272.00 185086257990560768.00 185175585335150176.00 185264912679740224.00 185354240024330944.00 185443567368920192.00 185532894713510656.00 185622222058100512.00 185711549402690208.00 185800876747280672.00 185890204091870752.00 
185979531436461120.00 186068858781050912.00 186158186125641120.00 186247513470231008.00 186336840814820864.00 186426168159410720.00 186515495504000928.00 186604822848590688.00 186694150193181568.00 186783477537771008.00 186872804882361408.00 186962132226951264.00 187051459571540704.00 187140786916131040.00 187230114260721856.00 187319441605311200.00 187408768949901440.00 187498096294491072.00 187587423639080960.00 187676750983671520.00 
187766078328261248.00 187855405672851680.00 187944733017441856.00 188034060362031904.00 188123387706622496.00 188212715051211840.00 188302042395801792.00 188391369740391904.00 188480697084981728.00 188570024429571488.00 188659351774161984.00 188748679118751968.00 188838006463342560.00 188927333807931968.00 189016661152522240.00 189105988497111616.00 189195315841702016.00 189284643186292288.00 189373970530882880.00 189463297875471872.00 
189552625220061504.00 189641952564652864.00 189731279909242720.00 189820607253832896.00 189909934598421920.00 189999261943013280.00 190088589287602752.00 190177916632192320.00 190267243976782336.00 190356571321373216.00 190445898665962240.00 190535226010553504.00 190624553355143424.00 190713880699732928.00 190803208044323200.00 190892535388912672.00 190981862733502944.00 191071190078093344.00 191160517422683200.00 191249844767272832.00 
191339172111863008.00 191428499456452704.00 191517826801043360.00 191607154145633536.00 191696481490223264.00 191785808834813504.00 191875136179403552.00 191964463523993632.00 192053790868583392.00 192143118213173472.00 192232445557763808.00 192321772902353632.00 192411100246944352.00 192500427591533792.00 192589754936123520.00 192679082280713760.00 192768409625303488.00 192857736969894112.00 192947064314483648.00 193036391659074112.00 
193125719003663776.00 193215046348253984.00 193304373692844256.00 193393701037434080.00 193483028382023840.00 193572355726613888.00 193661683071204736.00 193751010415794400.00 193840337760384256.00 193929665104974400.00 194018992449564032.00 194108319794154400.00 194197647138744256.00 194286974483334688.00 194376301827924480.00 194465629172514272.00 194554956517105024.00 194644283861694528.00 194733611206284832.00 194822938550874528.00 
194912265895464160.00 195001593240055232.00 195090920584644736.00 195180247929234624.00 195269575273824704.00 195358902618414656.00 195448229963004672.00 195537557307594880.00 195626884652185120.00 195716211996775744.00 195805539341365088.00 195894866685954592.00 195984194030545344.00 196073521375135520.00 196162848719725088.00 196252176064315584.00 196341503408905344.00 196430830753496000.00 196520158098085504.00 196609485442675680.00 
196698812787265472.00 196788140131855424.00 196877467476445536.00 196966794821035456.00 197056122165625632.00 197145449510215648.00 197234776854805952.00 197324104199395936.00 197413431543985504.00 197502758888575808.00 197592086233165792.00 197681413577755776.00 197770740922345600.00 197860068266936672.00 197949395611526784.00 198038722956116256.00 198128050300705920.00 198217377645296224.00 198306704989886368.00 198396032334476480.00 
198485359679066176.00 198574687023656800.00 198664014368246368.00 198753341712835808.00 198842669057426720.00 198931996402016448.00 199021323746606688.00 199110651091196832.00 199199978435786464.00 199289305780376128.00 199378633124966592.00 199467960469556512.00 199557287814146528.00 199646615158735936.00 199735942503326656.00 199825269847916064.00 199914597192507008.00 200003924537097120.00 200093251881687200.00 200182579226277056.00 
200271906570867104.00 200361233915456672.00 200450561260047072.00 200539888604636832.00 200629215949226784.00 200718543293817184.00 200807870638407008.00 200897197982997088.00 200986525327587616.00 201075852672178048.00 201165180016767264.00 201254507361357280.00 201343834705947648.00 201433162050536832.00 201522489395127488.00 201611816739716768.00 201701144084307296.00 201790471428898240.00 201879798773487712.00 201969126118077376.00 
202058453462668064.00 202147780807258080.00 202237108151848224.00 202326435496437760.00 202415762841027872.00 202505090185617824.00 202594417530207584.00 202683744874797888.00 202773072219387840.00 202862399563978688.00 202951726908568480.00 203041054253157984.00 203130381597747648.00 203219708942337888.00 203309036286928256.00 203398363631518432.00 203487690976107872.00 203577018320698272.00 203666345665289024.00 203755673009878240.00 
203845000354468320.00 203934327699059136.00 204023655043648288.00 204112982388239360.00 204202309732828960.00 204291637077419040.00 204380964422008608.00 204470291766599040.00 204559619111188960.00 204648946455779232.00 204738273800369152.00 204827601144958912.00 204916928489549408.00 205006255834138688.00 205095583178728736.00 205184910523319008.00 205274237867909472.00 205363565212499136.00 205452892557088736.00 205542219901679040.00 
205631547246268768.00 205720874590858944.00 205810201935449152.00 205899529280039648.00 205988856624629888.00 206078183969219168.00 206167511313809408.00 206256838658400064.00 206346166002989280.00 206435493347579360.00 206524820692169632.00 206614148036759552.00 206703475381349248.00 206792802725940224.00 206882130070529920.00 206971457415119520.00 207060784759709984.00 207150112104299872.00 207239439448889984.00 207328766793480192.00 
207418094138069952.00 207507421482659936.00 207596748827249568.00 207686076171840352.00 207775403516430144.00 207864730861020128.00 207954058205610496.00 208043385550200064.00 208132712894790400.00 208222040239380192.00 208311367583969728.00 208400694928559936.00 208490022273150720.00 208579349617740576.00 208668676962330912.00 208758004306920768.00 208847331651511392.00 208936658996100672.00 209025986340690944.00 209115313685280480.00 
209204641029870560.00 209293968374460704.00 209383295719051296.00 209472623063641280.00 209561950408231072.00 209651277752820928.00 209740605097410624.00 209829932442001312.00 209919259786590816.00 210008587131180928.00 210097914475771040.00 210187241820361376.00 210276569164951648.00 210365896509540736.00 210455223854130848.00 210544551198721888.00 210633878543310784.00 210723205887901312.00 210812533232491296.00 210901860577081792.00 
210991187921671520.00 211080515266261568.00 211169842610851616.00 211259169955441952.00 211348497300031712.00 211437824644621664.00 211527151989211520.00 211616479333801856.00 211705806678391520.00 211795134022981920.00 211884461367571808.00 211973788712162304.00 212063116056751936.00 212152443401341888.00 212241770745932128.00 212331098090522208.00 212420425435112128.00 212509752779701920.00 212599080124292288.00 212688407468881952.00 
212777734813472416.00 212867062158062912.00 212956389502652320.00 213045716847242464.00 213135044191832960.00 213224371536422720.00 213313698881012416.00 213403026225602976.00 213492353570192320.00 213581680914783360.00 213671008259372544.00 213760335603963264.00 213849662948552608.00 213938990293143328.00 214028317637732128.00 214117644982322560.00 214206972326912544.00 214296299671503392.00 214385627016093024.00 214474954360683136.00 
214564281705272928.00 214653609049863104.00 214742936394453504.00 214832263739043168.00 214921591083633760.00 215010918428223392.00 215100245772813792.00 215189573117403232.00 215278900461993632.00 215368227806584064.00 215457555151173728.00 215546882495763488.00 215636209840353216.00 215725537184944224.00 215814864529534048.00 215904191874123520.00 215993519218713440.00 216082846563304384.00 216172173907893632.00 216261501252484064.00 
216350828597073984.00 216440155941664288.00 216529483286253696.00 216618810630844384.00 216708137975434176.00 216797465320024288.00 216886792664614208.00 216976120009204992.00 217065447353794368.00 217154774698384768.00 217244102042974336.00 217333429387564480.00 217422756732154240.00 217512084076744512.00 217601411421334272.00 217690738765924512.00 217780066110514560.00 217869393455104608.00 217958720799694752.00 218048048144284832.00 
218137375488874432.00 218226702833464256.00 218316030178055040.00 218405357522645024.00 218494684867234784.00 218584012211824864.00 218673339556415008.00 218762666901005472.00 218851994245594784.00 218941321590185056.00 219030648934774624.00 219119976279365280.00 219209303623955200.00 219298630968544960.00 219387958313135776.00 219477285657725312.00 219566613002316096.00 219655940346905312.00 219745267691495296.00 219834595036085728.00 
219923922380675040.00 220013249725265472.00 220102577069855328.00 220191904414445824.00 220281231759035872.00 220370559103625184.00 220459886448216064.00 220549213792805760.00 220638541137395680.00 220727868481986144.00 220817195826575136.00 220906523171165856.00 220995850515755328.00 221085177860345984.00 221174505204935744.00 221263832549526368.00 221353159894116192.00 221442487238706240.00 221531814583296128.00 221621141927886592.00 
221710469272476192.00 221799796617066464.00 221889123961656416.00 221978451306246560.00 222067778650836544.00 222157105995426944.00 222246433340016416.00 222335760684606592.00 222425088029196544.00 222514415373786592.00 222603742718375968.00 222693070062967008.00 222782397407556768.00 222871724752146080.00 222961052096736928.00 223050379441326816.00 223139706785916544.00 223229034130507392.00 223318361475097216.00 223407688819687072.00 
223497016164277536.00 223586343508867360.00 223675670853457344.00 223764998198047456.00 223854325542637696.00 223943652887227520.00 224032980231816992.00 224122307576407520.00 224211634920997664.00 224300962265587520.00 224390289610177152.00 224479616954767040.00 224568944299357728.00 224658271643947488.00 224747598988537376.00 224836926333127744.00 224926253677718080.00 225015581022307488.00 225104908366897504.00 225194235711487936.00 
225283563056077216.00 225372890400667520.00 225462217745258272.00 225551545089847872.00 225640872434438016.00 225730199779028192.00 225819527123618048.00 225908854468207872.00 225998181812798176.00 226087509157388224.00 226176836501978880.00 226266163846568224.00 226355491191158432.00 226444818535748512.00 226534145880338048.00 226623473224928384.00 226712800569518752.00 226802127914108544.00 226891455258698368.00 226980782603288768.00 
227070109947879552.00 227159437292469440.00 227248764637058336.00 227338091981648896.00 227427419326239040.00 227516746670828864.00 227606074015419168.00 227695401360009632.00 227784728704599424.00 227874056049189504.00 227963383393778720.00 228052710738369408.00 228142038082958848.00 228231365427549120.00 228320692772138848.00 228410020116728992.00 228499347461319168.00 228588674805909504.00 228678002150499520.00 228767329495088768.00 
228856656839679104.00 228945984184269792.00 229035311528859616.00 229124638873448992.00 229213966218039648.00 229303293562629440.00 229392620907219808.00 229481948251809792.00 229571275596399584.00 229660602940990016.00 229749930285579680.00 229839257630169632.00 229928584974759712.00 230017912319349600.00 230107239663940224.00 230196567008530336.00 230285894353120224.00 230375221697709952.00 230464549042300576.00 230553876386890240.00 
230643203731480576.00 230732531076069952.00 230821858420660480.00 230911185765249504.00 231000513109840288.00 231089840454430688.00 231179167799020096.00 231268495143610432.00 231357822488200448.00 231447149832790496.00 231536477177380544.00 231625804521970784.00 231715131866560032.00 231804459211150720.00 231893786555741024.00 231983113900330848.00 232072441244920960.00 232161768589510624.00 232251095934101184.00 232340423278690688.00 
232429750623280992.00 232519077967871008.00 232608405312460960.00 232697732657051232.00 232787060001640864.00 232876387346231360.00 232965714690821760.00 233055042035410816.00 233144369380000928.00 233233696724591296.00 233323024069181760.00 233412351413771552.00 233501678758361280.00 233591006102951424.00 233680333447541600.00 233769660792131456.00 233858988136722016.00 233948315481311328.00 234037642825901696.00 234126970170491456.00 
234216297515081728.00 234305624859671232.00 234394952204261536.00 234484279548851904.00 234573606893442016.00 234662934238032000.00 234752261582621376.00 234841588927212384.00 234930916271802304.00 235020243616392288.00 235109570960982432.00 235198898305572416.00 235288225650162240.00 235377552994752256.00 235466880339342048.00 235556207683931840.00 235645535028522208.00 235734862373112640.00 235824189717701984.00 235913517062292448.00 
236002844406882304.00 236092171751472352.00 236181499096062144.00 236270826440652768.00 236360153785242336.00 236449481129833088.00 236538808474422784.00 236628135819013024.00 236717463163603328.00 236806790508192800.00 236896117852783232.00 236985445197371840.00 237074772541962656.00 237164099886552960.00 237253427231142944.00 237342754575732992.00 237432081920323008.00 237521409264913184.00 237610736609503424.00 237700063954093216.00 
237789391298683296.00 237878718643273568.00 237968045987863200.00 238057373332452928.00 238146700677043328.00 238236028021634112.00 238325355366223744.00 238414682710813760.00 238504010055404000.00 238593337399993312.00 238682664744583008.00 238771992089173920.00 238861319433763488.00 238950646778353600.00 239039974122944160.00 239129301467533536.00 239218628812123808.00 239307956156713568.00 239397283501303808.00 239486610845893536.00 
239575938190483520.00 239665265535073888.00 239754592879664544.00 239843920224254272.00 239933247568843840.00 240022574913434112.00 240111902258024000.00 240201229602614112.00 240290556947204544.00 240379884291794016.00 240469211636384736.00 240558538980974176.00 240647866325564416.00 240737193670154816.00 240826521014744576.00 240915848359334656.00 241005175703924608.00 241094503048514560.00 241183830393104224.00 241273157737694496.00 
241362485082284512.00 241451812426874464.00 241541139771464448.00 241630467116054848.00 241719794460644704.00 241809121805234912.00 241898449149824896.00 241987776494415200.00 242077103839005120.00 242166431183594432.00 242255758528184736.00 242345085872774688.00 242434413217364736.00 242523740561954784.00 242613067906545184.00 242702395251135296.00 242791722595724960.00 242881049940315296.00 242970377284905600.00 243059704629495680.00 
243149031974085376.00 243238359318675616.00 243327686663265696.00 243417014007855456.00 243506341352445632.00 243595668697035744.00 243684996041625728.00 243774323386216320.00 243863650730805536.00 243952978075395808.00 244042305419986016.00 244131632764576352.00 244220960109165312.00 244310287453756064.00 244399614798346336.00 244488942142936064.00 244578269487526144.00 244667596832116256.00 244756924176706400.00 244846251521295680.00 
244935578865886112.00 245024906210476608.00 245114233555066240.00 245203560899656768.00 245292888244246560.00 245382215588837280.00 245471542933426592.00 245560870278016864.00 245650197622606464.00 245739524967196448.00 245828852311787424.00 245918179656375680.00 246007507000966624.00 246096834345556736.00 246186161690147104.00 246275489034736992.00 246364816379327648.00 246454143723917024.00 246543471068506304.00 246632798413096672.00 
246722125757687040.00 246811453102277984.00 246900780446867328.00 246990107791457216.00 247079435136047104.00 247168762480637376.00 247258089825227328.00 247347417169817792.00 247436744514407360.00 247526071858997216.00 247615399203587456.00 247704726548177344.00 247794053892767904.00 247883381237358560.00 247972708581948032.00 248062035926537376.00 248151363271128128.00 248240690615717472.00 248330017960307584.00 248419345304897952.00 
248508672649488064.00 248597999994078272.00 248687327338667296.00 248776654683258624.00 248865982027848128.00 248955309372438496.00 249044636717027520.00 249133964061617856.00 249223291406208448.00 249312618750798976.00 249401946095388352.00 249491273439978784.00 249580600784568608.00 249669928129158592.00 249759255473748128.00 249848582818339040.00 249937910162928736.00 250027237507519680.00 250116564852108320.00 250205892196698656.00 
250295219541288704.00 250384546885878240.00 250473874230469024.00 250563201575058432.00 250652528919648416.00 250741856264238944.00 250831183608829024.00 250920510953419040.00 251009838298008832.00 251099165642598816.00 251188492987189056.00 251277820331779104.00 251367147676369024.00 251456475020959008.00 251545802365548736.00 251635129710139808.00 251724457054729216.00 251813784399319552.00 251903111743909216.00 251992439088499168.00 
252081766433089472.00 252171093777680160.00 252260421122270016.00 252349748466859776.00 252439075811450368.00 252528403156039520.00 252617730500629792.00 252707057845219968.00 252796385189809856.00 252885712534399872.00 252975039878989312.00 253064367223579488.00 253153694568170400.00 253243021912760064.00 253332349257350304.00 253421676601939904.00 253511003946529984.00 253600331291119616.00 253689658635710624.00 253778985980300352.00 
253868313324890304.00 253957640669480224.00 254046968014070144.00 254136295358660288.00 254225622703250080.00 254314950047840800.00 254404277392430688.00 254493604737020544.00 254582932081610784.00 254672259426200352.00 254761586770790368.00 254850914115380992.00 254940241459971584.00 255029568804560672.00 255118896149150656.00 255208223493740768.00 255297550838330720.00 255386878182921248.00 255476205527510208.00 255565532872100896.00 
255654860216691200.00 255744187561281312.00 255833514905871264.00 255922842250461536.00 256012169595051264.00 256101496939641536.00 256190824284231008.00 256280151628821568.00 256369478973410848.00 256458806318001280.00 256548133662591968.00 256637461007181632.00 256726788351771264.00 256816115696361440.00 256905443040951808.00 256994770385542336.00 257084097730131616.00 257173425074721792.00 257262752419311904.00 257352079763901760.00 
257441407108491584.00 257530734453082208.00 257620061797671040.00 257709389142261728.00 257798716486851680.00 257888043831442336.00 257977371176032192.00 258066698520622304.00 258156025865212480.00 258245353209802400.00 258334680554392128.00 258424007898981824.00 258513335243572096.00 258602662588162208.00 258691989932752832.00 258781317277342784.00 258870644621932224.00 258959971966522432.00 259049299311111968.00 259138626655702400.00 
259227954000292480.00 259317281344882848.00 259406608689472896.00 259495936034062784.00 259585263378652544.00 259674590723242752.00 259763918067832960.00 259853245412422432.00 259942572757012992.00 260031900101603040.00 260121227446193152.00 260210554790782880.00 260299882135372256.00 260389209479963040.00 260478536824552640.00 260567864169143008.00 260657191513733344.00 260746518858323584.00 260835846202913504.00 260925173547503520.00 
261014500892093568.00 261103828236683296.00 261193155581273632.00 261282482925863264.00 261371810270453376.00 261461137615044000.00 261550464959633344.00 261639792304223872.00 261729119648813344.00 261818446993403136.00 261907774337994112.00 261997101682584064.00 262086429027174208.00 262175756371763840.00 262265083716353824.00 262354411060944640.00 262443738405534432.00 262533065750124096.00 262622393094714400.00 262711720439303936.00 
262801047783893792.00 262890375128484512.00 262979702473073920.00 263069029817664160.00 263158357162254176.00 263247684506844320.00 263337011851434368.00 263426339196023776.00 263515666540614656.00 263604993885204448.00 263694321229794592.00 263783648574384928.00 263872975918974912.00 263962303263564832.00 264051630608154464.00 264140957952745280.00 264230285297335040.00 264319612641924928.00 264408939986514784.00 264498267331104864.00 
264587594675695520.00 264676922020285280.00 264766249364875232.00 264855576709464960.00 264944904054055008.00 265034231398645088.00 265123558743235808.00 265212886087824960.00 265302213432414848.00 265391540777005408.00 265480868121595712.00 265570195466185248.00 265659522810775456.00 265748850155364672.00 265838177499955648.00 265927504844545376.00 266016832189135168.00 266106159533725856.00 266195486878315936.00 266284814222905792.00 
266374141567495744.00 266463468912085696.00 266552796256675904.00 266642123601265408.00 266731450945855776.00 266820778290445984.00 266910105635036288.00 266999432979626432.00 267088760324216128.00 267178087668806368.00 267267415013396640.00 267356742357986208.00 267446069702576032.00 267535397047165984.00 267624724391756064.00 267714051736346112.00 267803379080935552.00 267892706425525952.00 267982033770116320.00 268071361114706208.00 
268160688459296896.00 268250015803886336.00 268339343148477024.00 268428670493066848.00 268517997837656800.00 268607325182246784.00 268696652526837120.00 268785979871426560.00 268875307216015968.00 268964634560607040.00 269053961905197216.00 269143289249787488.00 269232616594376896.00 269321943938966848.00 269411271283557312.00 269500598628146528.00 269589925972737056.00 269679253317326976.00 269768580661917952.00 269857908006506784.00 
269947235351097536.00 270036562695687360.00 270125890040278016.00 270215217384867456.00 270304544729457824.00 270393872074047552.00 270483199418636960.00 270572526763227168.00 270661854107817760.00 270751181452407264.00 270840508796997440.00 270929836141587392.00 271019163486177760.00 271108490830768064.00 271197818175357760.00 271287145519948000.00 271376472864538048.00 271465800209128064.00 271555127553717536.00 271644454898307712.00 
271733782242898368.00 271823109587487712.00 271912436932077984.00 272001764276668096.00 272091091621258048.00 272180418965848032.00 272269746310437952.00 272359073655028320.00 272448400999618144.00 272537728344207712.00 272627055688797632.00 272716383033388320.00 272805710377978560.00 272895037722568384.00 272984365067158944.00 273073692411748256.00 273163019756339104.00 273252347100928736.00 273341674445519168.00 273431001790108768.00 
273520329134698624.00 273609656479288352.00 273698983823879584.00 273788311168468960.00 273877638513059040.00 273966965857648864.00 274056293202238912.00 274145620546829568.00 274234947891419168.00 274324275236008864.00 274413602580599520.00 274502929925189696.00 274592257269778784.00 274681584614368992.00 274770911958959424.00 274860239303549760.00 274949566648139648.00 275038893992729696.00 275128221337319392.00 275217548681909728.00 
275306876026499488.00 275396203371089248.00 275485530715679552.00 275574858060269024.00 275664185404858976.00 275753512749449088.00 275842840094039104.00 275932167438629696.00 276021494783219744.00 276110822127809920.00 276200149472399008.00 276289476816990272.00 276378804161579552.00 276468131506170112.00 276557458850760224.00 276646786195350144.00 276736113539940384.00 276825440884529984.00 276914768229120352.00 277004095573709344.00 
277093422918300672.00 277182750262890912.00 277272077607480352.00 277361404952070272.00 277450732296660576.00 277540059641250688.00 277629386985840768.00 277718714330430688.00 277808041675021184.00 277897369019611168.00 277986696364200224.00 278076023708791296.00 278165351053381056.00 278254678397970528.00 278344005742560320.00 278433333087150944.00 278522660431740768.00 278611987776331648.00 278701315120920704.00 278790642465510784.00 
278879969810101184.00 278969297154690912.00 279058624499281216.00 279147951843871136.00 279237279188460672.00 279326606533051264.00 279415933877641056.00 279505261222231232.00 279594588566821312.00 279683915911411264.00 279773243256001760.00 279862570600591136.00 279951897945181664.00 280041225289771552.00 280130552634361632.00 280219879978951456.00 280309207323542688.00 280398534668131168.00 280487862012721568.00 280577189357311904.00 
280666516701901664.00 280755844046491296.00 280845171391082880.00 280934498735672608.00 281023826080261920.00 281113153424852032.00 281202480769442048.00 281291808114032160.00 281381135458621696.00 281470462803212032.00 281559790147802624.00 281649117492392448.00 281738444836982272.00 281827772181572608.00 281917099526162016.00 282006426870752416.00 282095754215342272.00 282185081559932736.00 282274408904522432.00 282363736249112768.00 
282453063593703072.00 282542390938293088.00 282631718282882912.00 282721045627473024.00 282810372972062912.00 282899700316652960.00 282989027661242816.00 283078355005833472.00 283167682350423456.00 283257009695013184.00 283346337039602784.00 283435664384192160.00 283524991728783424.00 283614319073372480.00 283703646417962816.00 283792973762553440.00 283882301107142496.00 283971628451733216.00 284060955796323200.00 284150283140913184.00 
284239610485503328.00 284328937830093696.00 284418265174682912.00 284507592519273920.00 284596919863864256.00 284686247208453824.00 284775574553042784.00 284864901897633888.00 284954229242224000.00 285043556586813216.00 285132883931403904.00 285222211275993952.00 285311538620583488.00 285400865965173984.00 285490193309764000.00 285579520654353888.00 285668847998944288.00 285758175343533632.00 285847502688124480.00 285936830032713984.00 
286026157377304192.00 286115484721894144.00 286204812066484544.00 286294139411074432.00 286383466755664096.00 286472794100254304.00 286562121444843040.00 286651448789433824.00 286740776134024384.00 286830103478614464.00 286919430823204096.00 287008758167794944.00 287098085512384288.00 287187412856974368.00 287276740201564128.00 287366067546154560.00 287455394890744352.00 287544722235335232.00 287634049579924800.00 287723376924515456.00 
287812704269105152.00 287902031613694976.00 287991358958284576.00 288080686302875808.00 288170013647465632.00 288259340992055616.00 288348668336645184.00 288437995681235840.00 288527323025825024.00 288616650370416064.00 288705977715005184.00 288795305059595264.00 288884632404185536.00 288973959748775936.00 289063287093365440.00 289152614437955648.00 289241941782545216.00 289331269127136064.00 289420596471725376.00 289509923816315840.00 
289599251160906048.00 289688578505495808.00 289777905850085952.00 289867233194675712.00 289956560539265920.00 290045887883855744.00 290135215228445824.00 290224542573036416.00 290313869917626240.00 290403197262215872.00 290492524606805440.00 290581851951396480.00 290671179295985984.00 290760506640576512.00 290849833985166144.00 290939161329755264.00 291028488674346304.00 291117816018936768.00 291207143363526272.00 291296470708116096.00 
291385798052706304.00 291475125397296640.00 291564452741885952.00 291653780086476928.00 291743107431066624.00 291832434775657216.00 291921762120246656.00 292011089464836736.00 292100416809426816.00 292189744154017344.00 292279071498606784.00 292368398843195968.00 292457726187786368.00 292547053532377152.00 292636380876967360.00 292725708221557184.00 292815035566146880.00 292904362910737280.00 292993690255327232.00 293083017599917824.00 
293172344944507840.00 293261672289096832.00 293350999633686976.00 293440326978277440.00 293529654322867456.00 293618981667457344.00 293708309012047936.00 293797636356637440.00 293886963701227840.00 293976291045818112.00 294065618390407424.00 294154945734997568.00 294244273079587840.00 294333600424177280.00 294422927768768064.00 294512255113358144.00 294601582457947712.00 294690909802538304.00 294780237147127616.00 294869564491718400.00 
294958891836307968.00 295048219180898624.00 295137546525488192.00 295226873870077312.00 295316201214668608.00 295405528559257728.00 295494855903848832.00 295584183248438080.00 295673510593028608.00 295762837937618432.00 295852165282208192.00 295941492626797952.00 296030819971388288.00 296120147315978560.00 296209474660568640.00 296298802005158464.00 296388129349748416.00 296477456694339648.00 296566784038928384.00 296656111383518912.00 
296745438728108928.00 296834766072698816.00 296924093417289600.00 297013420761879232.00 297102748106469056.00 297192075451059584.00 297281402795648256.00 297370730140238848.00 297460057484829248.00 297549384829419136.00 297638712174008640.00 297728039518599744.00 297817366863188736.00 297906694207780352.00 297996021552368960.00 298085348896958720.00 298174676241549696.00 298264003586139392.00 298353330930728640.00 298442658275319808.00 
298531985619910080.00 298621312964500416.00 298710640309089472.00 298799967653679488.00 298889294998270528.00 298978622342859968.00 299067949687449856.00 299157277032040000.00 299246604376630208.00 299335931721219776.00 299425259065809792.00 299514586410399936.00 299603913754990912.00 299693241099579840.00 299782568444169984.00 299871895788759808.00 299961223133351040.00 300050550477940224.00 300139877822530816.00 300229205167120768.00 
300318532511710144.00 300407859856301056.00 300497187200890304.00 300586514545481024.00 300675841890071168.00 300765169234660736.00 300854496579250944.00 300943823923840512.00 301033151268431232.00 301122478613020224.00 301211805957610240.00 301301133302201408.00 301390460646791488.00 301479787991381056.00 301569115335970880.00 301658442680560192.00 301747770025151104.00 301837097369740608.00 301926424714331200.00 302015752058921344.00 
302105079403511232.00 302194406748101760.00 302283734092691648.00 302373061437281600.00 302462388781870976.00 302551716126461888.00 302641043471051392.00 302730370815641472.00 302819698160232064.00 302909025504820864.00 302998352849412096.00 303087680194001408.00 303177007538591424.00 303266334883181568.00 303355662227771392.00 303444989572361152.00 303534316916951552.00 303623644261541504.00 303712971606131008.00 303802298950722048.00 
303891626295312064.00 303980953639902016.00 304070280984491968.00 304159608329082496.00 304248935673672128.00 304338263018262528.00 304427590362852480.00 304516917707442496.00 304606245052032832.00 304695572396622272.00 304784899741213056.00 304874227085802368.00 304963554430392384.00 305052881774981952.00 305142209119572800.00 305231536464161728.00 305320863808752832.00 305410191153342848.00 305499518497932096.00 305588845842521600.00 
305678173187112768.00 305767500531703104.00 305856827876292160.00 305946155220882752.00 306035482565473728.00 306124809910062400.00 306214137254653440.00 306303464599243456.00 306392791943833280.00 306482119288422656.00 306571446633012800.00 306660773977603200.00 306750101322192832.00 306839428666783552.00 306928756011373440.00 307018083355962944.00 307107410700553472.00 307196738045143104.00 307286065389733632.00 307375392734323264.00 
307464720078913664.00 307554047423504192.00 307643374768093952.00 307732702112683648.00 307822029457273728.00 307911356801863680.00 308000684146453632.00 308090011491044352.00 308179338835634432.00 308268666180224064.00 308357993524814272.00 308447320869403776.00 308536648213993920.00 308625975558583360.00 308715302903174336.00 308804630247764288.00 308893957592354240.00 308983284936943808.00 309072612281533632.00 309161939626124544.00 
309251266970714176.00 309340594315304448.00 309429921659894272.00 309519249004484224.00 309608576349074496.00 309697903693664640.00 309787231038255040.00 309876558382844736.00 309965885727434560.00 310055213072024960.00 310144540416614848.00 310233867761204416.00 310323195105795072.00 310412522450385024.00 310501849794974656.00 310591177139564544.00 310680504484155008.00 310769831828744448.00 310859159173334912.00 310948486517925120.00 
311037813862515392.00 311127141207105408.00 311216468551694784.00 311305795896285120.00 311395123240875968.00 311484450585465664.00 311573777930055616.00 311663105274645120.00 311752432619235456.00 311841759963825344.00 311931087308415296.00 312020414653005248.00 312109741997596224.00 312199069342185408.00 312288396686775616.00 312377724031365312.00 312467051375955136.00 312556378720545408.00 312645706065135936.00 312735033409726016.00 
312824360754315520.00 312913688098906048.00 313003015443496256.00 313092342788086016.00 313181670132675776.00 313270997477266304.00 313360324821856768.00 313449652166445760.00 313538979511035648.00 313628306855626048.00 313717634200216704.00 313806961544806016.00 313896288889397056.00 313985616233987392.00 314074943578576512.00 314164270923167232.00 314253598267756928.00 314342925612346496.00 314432252956936704.00 314521580301527232.00 
314610907646116928.00 314700234990707264.00 314789562335296960.00 314878889679886336.00 314968217024476160.00 315057544369066496.00 315146871713656000.00 315236199058247232.00 315325526402837120.00 315414853747426624.00 315504181092016832.00 315593508436607616.00 315682835781197184.00 315772163125787264.00 315861490470377344.00 315950817814966848.00 316040145159557440.00 316129472504146688.00 316218799848736064.00 316308127193327232.00 
316397454537917952.00 316486781882506752.00 316576109227097536.00 316665436571687232.00 316754763916278208.00 316844091260866816.00 316933418605457024.00 317022745950047424.00 317112073294637184.00 317201400639227008.00 317290727983817088.00 317380055328407744.00 317469382672997568.00 317558710017588160.00 317648037362178560.00 317737364706767744.00 317826692051358592.00 317916019395947968.00 318005346740538624.00 318094674085128640.00 
318184001429718848.00 318273328774309184.00 318362656118898560.00 318451983463488832.00 318541310808078208.00 318630638152668288.00 318719965497258752.00 318809292841848896.00 318898620186438912.00 318987947531028736.00 319077274875619456.00 319166602220208256.00 319255929564799232.00 319345256909388800.00 319434584253978944.00 319523911598569344.00 319613238943159744.00 319702566287749568.00 319791893632338880.00 319881220976929344.00 
319970548321519552.00 320059875666108800.00 320149203010699328.00 320238530355290048.00 320327857699879104.00 320417185044469632.00 320506512389059712.00 320595839733649152.00 320685167078239360.00 320774494422829952.00 320863821767418624.00 320953149112009344.00 321042476456600320.00 321131803801189184.00 321221131145778880.00 321310458490369408.00 321399785834959744.00 321489113179549312.00 321578440524139648.00 321667767868729344.00 
321757095213319616.00 321846422557909568.00 321935749902499584.00 322025077247089792.00 322114404591680320.00 322203731936268288.00 322293059280861184.00 322382386625449856.00 322471713970039936.00 322561041314629440.00 322650368659220480.00 322739696003809664.00 322829023348399424.00 322918350692990144.00 323007678037580416.00 323097005382169792.00 323186332726761216.00 323275660071349632.00 323364987415939776.00 323454314760531008.00 
323543642105120896.00 323632969449710976.00 323722296794300736.00 323811624138891520.00 323900951483480256.00 323990278828070400.00 324079606172661056.00 324168933517250816.00 324258260861840768.00 324347588206430656.00 324436915551020352.00 324526242895611328.00 324615570240200064.00 324704897584790976.00 324794224929381376.00 324883552273971456.00 324972879618561024.00 325062206963150208.00 325151534307741568.00 325240861652330624.00 
325330188996921408.00 325419516341510848.00 325508843686101120.00 325598171030691904.00 325687498375281216.00 325776825719871168.00 325866153064461376.00 325955480409052096.00 326044807753640640.00 326134135098231488.00 326223462442821056.00 326312789787412224.00 326402117132001600.00 326491444476591808.00 326580771821181632.00 326670099165771200.00 326759426510362560.00 326848753854952064.00 326938081199541760.00 327027408544132672.00 
327116735888721664.00 327206063233312256.00 327295390577902720.00 327384717922491648.00 327474045267082432.00 327563372611673344.00 327652699956261760.00 327742027300851968.00 327831354645442432.00 327920681990032896.00 328010009334621824.00 328099336679212672.00 328188664023802944.00 328277991368392064.00 328367318712982208.00 328456646057572800.00 328545973402163328.00 328635300746753152.00 328724628091343232.00 328813955435933568.00 
328903282780523392.00 328992610125112192.00 329081937469702528.00 329171264814293440.00 329260592158882176.00 329349919503473152.00 329439246848062976.00 329528574192653376.00 329617901537243456.00 329707228881833472.00 329796556226423360.00 329885883571013568.00 329975210915602176.00 330064538260193472.00 330153865604782912.00 330243192949373056.00 330332520293963328.00 330421847638553152.00 330511174983142976.00 330600502327733568.00 
330689829672323072.00 330779157016914368.00 330868484361503232.00 330957811706093888.00 331047139050684032.00 331136466395274432.00 331225793739864384.00 331315121084454080.00 331404448429042880.00 331493775773633280.00 331583103118224128.00 331672430462813952.00 331761757807403456.00 331851085151993536.00 331940412496583680.00 332029739841173760.00 332119067185764160.00 332208394530355072.00 332297721874944192.00 332387049219533824.00 
332476376564123904.00 332565703908715200.00 332655031253304192.00 332744358597895040.00 332833685942485184.00 332923013287073728.00 333012340631665024.00 333101667976254400.00 333190995320844992.00 333280322665435392.00 333369650010023296.00 333458977354615232.00 333548304699205248.00 333637632043795328.00 333726959388385088.00 333816286732973824.00 333905614077564928.00 333994941422155008.00 334084268766744832.00 334173596111335296.00 
334262923455925952.00 334352250800515584.00 334441578145105984.00 334530905489695040.00 334620232834285120.00 334709560178875520.00 334798887523464896.00 334888214868055168.00 334977542212645376.00 335066869557235712.00 335156196901826880.00 335245524246415872.00 335334851591005824.00 335424178935595072.00 335513506280186368.00 335602833624776704.00 335692160969365440.00 335781488313956352.00 335870815658546304.00 335960143003135872.00 
336049470347725760.00 336138797692315904.00 336228125036905536.00 336317452381495424.00 336406779726086784.00 336496107070676480.00 336585434415265792.00 336674761759854976.00 336764089104446528.00 336853416449036608.00 336942743793626368.00 337032071138216512.00 337121398482806272.00 337210725827396352.00 337300053171986432.00 337389380516577280.00 337478707861166336.00 337568035205755904.00 337657362550347008.00 337746689894936640.00 
337836017239527552.00 337925344584116480.00 338014671928707072.00 338103999273296320.00 338193326617887680.00 338282653962477056.00 338371981307067008.00 338461308651657024.00 338550635996246656.00 338639963340838144.00 338729290685427200.00 338818618030016896.00 338907945374607232.00 338997272719197888.00 339086600063787520.00 339175927408377984.00 339265254752967168.00 339354582097557696.00 339443909442146624.00 339533236786736448.00 
339622564131326848.00 339711891475917504.00 339801218820506624.00 339890546165098944.00 339979873509687552.00 340069200854277440.00 340158528198867776.00 340247855543457472.00 340337182888047936.00 340426510232638400.00 340515837577227328.00 340605164921818112.00 340694492266408512.00 340783819610997504.00 340873146955588096.00 340962474300177792.00 341051801644767936.00 341141128989358336.00 341230456333947904.00 341319783678537856.00 
341409111023128768.00 341498438367718336.00 341587765712308736.00 341677093056897536.00 341766420401488448.00 341855747746078976.00 341945075090668224.00 342034402435257856.00 342123729779848320.00 342213057124438208.00 342302384469028992.00 342391711813618688.00 342481039158209664.00 342570366502798528.00 342659693847387968.00 342749021191979072.00 342838348536569216.00 342927675881158656.00 343017003225748352.00 343106330570339072.00 
343195657914928576.00 343284985259519744.00 343374312604108416.00 343463639948699392.00 343552967293289280.00 343642294637879552.00 343731621982469376.00 343820949327059264.00 343910276671649728.00 343999604016239744.00 344088931360830080.00 344178258705420224.00 344267586050009472.00 344356913394600064.00 344446240739189888.00 344535568083779328.00 344624895428369472.00 344714222772960128.00 344803550117550016.00 344892877462140224.00 
344982204806729856.00 345071532151319360.00 345160859495910592.00 345250186840500032.00 345339514185089792.00 345428841529678912.00 345518168874270400.00 345607496218860224.00 345696823563449984.00 345786150908040256.00 345875478252630400.00 345964805597220096.00 346054132941809152.00 346143460286400640.00 346232787630989760.00 346322114975580864.00 346411442320171008.00 346500769664760576.00 346590097009349888.00 346679424353940992.00 
346768751698531008.00 346858079043120384.00 346947406387710592.00 347036733732299904.00 347126061076890752.00 347215388421480576.00 347304715766071104.00 347394043110661504.00 347483370455250496.00 347572697799840064.00 347662025144431552.00 347751352489020992.00 347840679833611776.00 347930007178201472.00 348019334522791104.00 348108661867382080.00 348197989211971392.00 348287316556561152.00 348376643901151872.00 348465971245742016.00 
348555298590331584.00 348644625934921472.00 348733953279511616.00 348823280624101056.00 348912607968691008.00 349001935313282432.00 349091262657870912.00 349180590002461632.00 349269917347051584.00 349359244691641024.00 349448572036231936.00 349537899380821248.00 349627226725412608.00 349716554070003072.00 349805881414591360.00 349895208759182720.00 349984536103772416.00 350073863448362112.00 350163190792952704.00 350252518137541952.00 
350341845482132992.00 350431172826722304.00 350520500171311424.00 350609827515902080.00 350699154860491968.00 350788482205081344.00 350877809549672192.00 350967136894262656.00 351056464238853184.00 351145791583442496.00 351235118928031744.00 351324446272623168.00 351413773617212736.00 351503100961802560.00 351592428306392768.00 351681755650982464.00 351771082995572416.00 351860410340163136.00 351949737684753216.00 352039065029343680.00 
352128392373932160.00 352217719718524224.00 352307047063112320.00 352396374407702976.00 352485701752292352.00 352575029096883072.00 352664356441473280.00 352753683786063872.00 352843011130653248.00 352932338475243840.00 353021665819833088.00 353110993164423872.00 353200320509013568.00 353289647853604160.00 353378975198193920.00 353468302542783232.00 353557629887374144.00 353646957231963584.00 353736284576553216.00 353825611921143360.00 
353914939265733568.00 354004266610323712.00 354093593954912640.00 354182921299504192.00 354272248644093824.00 354361575988684928.00 354450903333273920.00 354540230677863552.00 354629558022453376.00 354718885367043264.00 354808212711633792.00 354897540056224192.00 354986867400814848.00 355076194745403840.00 355165522089995072.00 355254849434583488.00 355344176779175040.00 355433504123764096.00 355522831468354176.00 355612158812944000.00 
355701486157535616.00 355790813502123968.00 355880140846714368.00 355969468191303936.00 356058795535894720.00 356148122880484224.00 356237450225074368.00 356326777569664448.00 356416104914254976.00 356505432258845056.00 356594759603434880.00 356684086948024064.00 356773414292615616.00 356862741637204864.00 356952068981795072.00 357041396326385088.00 357130723670974464.00 357220051015564928.00 357309378360154816.00 
