88133532932466.25 
77953524719528.14 101649545505417.95 116119467184303.36 123833897747244.12 146980126335710.53 178095881999446.72 193072058772407.28 169780928407621.47 192048408097785.06 204524679332349.88 231338227512145.72 216661452079261.66 293164541222303.56 334248115274787.69 339336738328434.25 311983133928874.31 353198432472825.88 332849973735645.25 375094508889790.19 336113293920383.94 
476982769811339.19 544625352254900.62 503108379512484.81 472901564809902.69 523427776902570.31 513396755545725.75 529544992827873.12 456494538079563.00 658670178842331.00 693194862147295.38 689589676181629.00 617943938901532.38 673603865775846.75 660690333849981.25 666963323577300.62 607423753382795.50 796475257548923.88 882436286292437.00 840532745506085.12 734661814625041.00 
815256875510442.75 747938539220710.62 801504398391985.88 716936461321338.25 984560182411589.50 1014980007020536.25 1013009279657964.12 906903149518334.50 999219043012343.62 1036210003588120.62 997074650549677.38 880790188578615.38 1145505136759302.50 1257567633086601.00 1206554339594880.25 1009260673161013.88 1086339992508801.50 996587018542302.38 1087331163548775.62 958915626642694.50 
1318850959873096.75 1422648411687831.75 1349637196167915.50 1258977265386817.50 1317246398049720.50 1351806191598818.75 1232417415928862.00 1196771574206668.75 1442324312781482.50 1598180489872693.25 1438614891500455.00 1320182213606748.50 1324534690962626.00 1367787195752892.25 1436511216002592.25 1269735404459056.75 1591453771982777.50 1759501561019781.50 1669084874458117.75 1494321217270267.00 
1699210750075261.00 1588789082678731.50 1588458979765271.50 1386264651024666.75 1728020167648805.75 2009075869989930.00 1911989530480727.00 1611985535006053.00 1659141487057489.25 1595028599577331.75 1589441848819050.25 1408585826326431.50 1980954573176388.50 2081486174927087.75 2121471871064718.00 1785202242594694.75 2113123614836612.75 1796167574011453.75 2032219246511403.00 1657941179662205.75 
2088663718114112.75 2227222630982566.75 2251637516457447.00 1788017229941537.50 2028183384374430.00 1962833689437556.75 1963939414785860.25 1714885384749539.25 2217629533799570.00 2517608674506509.00 2397159112572385.00 2234088060108248.50 2217671168525403.75 2210143619517199.00 2308331822268914.00 1885388750558472.50 2321210259367107.50 2675991589047319.00 2433812461218575.50 2286754909267861.50 
2169972105447064.00 2146090946554321.75 2370033715145405.00 1984420041174615.75 2545140238202032.00 2683596671416784.00 2815095708861224.50 2383030325461625.00 2615930327741576.00 2496033089608098.00 2610470954702370.00 2034685720641164.25 2621975697277619.00 3017235934042691.00 2799435842499558.50 2380720415089050.50 2660320443656719.50 2595327738117988.50 2609797986995024.50 2082861136453540.75 
2887913953379360.50 3086819109107568.00 3080204062825282.50 2700956145760519.50 2827330421232358.00 2822744755635068.50 2746525784802279.00 2365066341772225.50 3151048480421188.00 3503492098812457.00 3186340591501872.50 2730399930464625.50 3095272670988406.00 2819316047875292.50 2707626325842854.50 2485108869759058.00 3239556632585116.00 3501389764686859.00 3330411686896397.50 3068827007088057.00 
3090474181653899.00 3218762152386904.00 3123677947692089.50 2638462817890461.50 3271326171128186.50 3587528276618956.50 3326473981640064.00 2911942172773910.50 3358878788819700.00 2909548789636737.00 3150851023015571.00 2765735436966044.50 3552130125823970.00 3970565622179999.50 3703967473856802.50 3318336832704855.00 3721948192096227.50 3346047287981075.50 3514160742521854.50 2646873018628867.50 
3865784940797403.00 4204618688484176.00 3734940790029593.00 3328091034236733.00 3462762385251250.00 3439638163797441.50 3605954985689774.50 2955540876002363.50 3955659219838213.50 4304293306028470.00 3950795101803471.00 3600393122453585.50 3739681840739591.00 3876499042451109.50 3536071716673271.50 3092400950084699.50 4290295134659315.50 4490017686951652.50 4148605340818326.50 3521611878470600.00 
3835744974227906.50 3858213358037114.50 3840880584380824.00 3389654091199853.00 4477220240363832.00 4622058219737383.00 4338845937247046.00 3644315508819383.50 4050495210918784.50 3971907558680086.00 4069888182002155.50 3544889266648066.50 4349318951994882.50 5044700529708674.00 4711009067661108.00 3828308933674575.00 4310479126833664.50 3753073452173331.00 4182197760418702.50 3398089008952291.50 
4656311315583629.00 5263028072305535.00 4449209535091853.00 4155318541142126.50 4504769180077775.00 4263841516607652.50 4297017382823657.50 3657668372581431.50 4820775971941174.00 5188275706354456.00 4786062804270905.00 4221902385561669.50 4711187606018247.00 4389704723065245.50 4731244700302345.00 3956129060120371.00 5038675850157544.00 5396688520563493.00 5066615991343436.00 4654879997835998.00 
4725930465246836.00 4756472565707461.00 4553428682103305.00 3848851496100362.00 5090099342692136.00 5566283875154803.00 5201805138684206.00 4423374229526685.50 4377949301636062.00 4619832994012253.00 4574668326945757.00 3921564456035762.50 4970564138762126.00 5618641430595623.00 5687587234875877.00 4679336703900189.00 5606858205931942.00 4976836966801498.00 4938487661239948.00 4549516762397459.00 
5735404557967564.00 6181193626461805.00 5821573571079222.00 4754611587384008.00 5044339197755971.00 4609286745768128.00 5388855951582597.00 4209805760119102.50 5470373284030547.00 5894653004133482.00 5684376182925416.00 5204533920535649.00 5644587687221309.00 5235297174318030.00 5184396876867898.00 4605085081032389.00 6030797385063165.00 6538737891877303.00 5897916917008680.00 5045222174972867.00 
5590268150441078.00 5131895008572397.00 5444193634033387.00 4423809250810094.00 6022994619148187.00 6417125158546974.00 5741785440965164.00 5136166466103806.00 5879243829324928.00 5512540436085886.00 5247198592042335.00 4819152994864524.00 5829609582520306.00 6477507255009912.00 6475911215078887.00 5005469500661937.00 5762440438016270.00 4941484984035355.00 5560661936392115.00 4564933208206607.00 
6463595013325735.00 6196634294311690.00 6883701881154113.00 5572125190289751.00 6287121201319959.00 6099422604231813.00 5533787460345924.00 5179243636952663.00 6006951841780287.00 7118088690477763.00 6505124136454280.00 5478006155699755.00 5847102842498418.00 5841847611055504.00 5812779215905359.00 5392770131600424.00 6885415329977691.00 7393779006960827.00 6186024955022588.00 6126675927628362.00 
6288932135220030.00 5947675669559109.00 5939460314777217.00 5550766013851299.00 6868508665541117.00 7302285898826225.00 6812132662073283.00 5547423779871146.00 6127971775028285.00 5629697893116579.00 5786565034071807.00 4869896653323552.00 6857153536288576.00 7084563192392996.00 6955637778114343.00 5995926125887113.00 6988029841641578.00 6495475254182757.00 6324344793314467.00 5442731978328221.00 
7408522957447486.00 7746054031762008.00 7566255927431573.00 6592047180327918.00 6705776886798475.00 6686229747087000.00 6900395727376263.00 5418074207626648.00 7364972243067636.00 7787134794678186.00 7332472658873147.00 6504385475299562.00 7604860428799555.00 7329654114969152.00 7152782285862072.00 6090487353121688.00 7560886700429829.00 8029536193789742.00 7301318203559292.00 5928270477486481.00 
7404602251793945.00 6456562862407181.00 6725475067269245.00 6249549447919176.00 7496322153658964.00 8378018604276506.00 7610846892673725.00 6586989305374334.00 7460755474183326.00 7242974100410394.00 7072926272228866.00 6166190208578285.00 8025902751297876.00 8548788609292531.00 7838364691282085.00 6382743570271187.00 7412401013818146.00 6893270455703815.00 6969323919745629.00 6162613464112931.00 
7809380666891767.00 8946715996298056.00 8165574305126539.00 6876250067484317.00 8162228289383009.00 7401844426328080.00 7525336709225045.00 6008304321654468.00 7996453816910284.00 8956693020748413.00 8161824936892571.00 6980570116057238.00 7281909197798439.00 7325801574849277.00 7245991314772534.00 6046940334524359.00 8284194563306070.00 8830674177108306.00 7948338707567153.00 7161909278285668.00 
8180393510846707.00 7759438836405042.00 7631219950986124.00 6499975157682114.00 8181600208175644.00 9264179849080332.00 9180503700950694.00 7137249886710685.00 8118499555814067.00 7092110107982061.00 8012706103010451.00 6822234357926509.00 8899109992405718.00 9295201737018160.00 8540718739221583.00 7690177281166373.00 8151050790792500.00 8178908101118895.00 7965841575113540.00 6690694729470310.00 
8827637362706706.00 9201625984754244.00 8850755529058435.00 7919792250013627.00 8106366412308241.00 7759030420224058.00 8289282085788627.00 6849804213053892.00 8851785136924845.00 9281097313356576.00 8885315457648102.00 7830270788534075.00 9048342368777550.00 8282990892739913.00 8311198133649879.00 7021258900043318.00 9365626212673896.00 10232611200490420.00 9626095320065234.00 7794971351532865.00 
8685270355765100.00 8444770657856533.00 8368753615686182.00 7189092073237799.00 9088620170409490.00 10507716938302566.00 8618948494832623.00 8302618998592526.00 8656979660257488.00 8632549279389772.00 8762801550359778.00 7449637720366630.00 9596984618632398.00 9751784703463018.00 9707729716573626.00 8216717091231479.00 8627558979071473.00 8656314684328368.00 8219531895257454.00 7408271816129676.00 
9347576867538716.00 10020360446763860.00 9360637401880596.00 8602961897090350.00 9526000465030310.00 9326550304020654.00 8536948237747122.00 7953802502771846.00 9608177938778472.00 10318192521998358.00 10581907680054360.00 8368179161564597.00 9180480184984668.00 8417553012035327.00 8184752590886283.00 6954655039420948.00 9793919563608782.00 10582215705128594.00 9842335877252156.00 9358630658573858.00 
9553596071221076.00 9830152869588894.00 9001619595109366.00 8270476068454996.00 10019542820070470.00 11534804768412818.00 10351945455950470.00 9364564226935002.00 8656593783427475.00 8813656970938312.00 9008167830314702.00 7580928780549122.00 9940655716935780.00 10440750909873520.00 10707257635621964.00 8979013893867799.00 10285027420716590.00 9707049125364686.00 9003574235302468.00 7752858448227854.00 
10221639491439982.00 11273082312281742.00 10720106155757836.00 8835822220396862.00 9329959739267268.00 8792371552317255.00 9439026789872242.00 7965638572319610.00 10233027054098732.00 12095159285580102.00 10570175013711164.00 9474350890145514.00 10432017583940890.00 10154523989274490.00 9499591318284692.00 8433815066538024.00 11555508893751612.00 11782082936819740.00 10924497633591498.00 9374894421873208.00 
9361113178043176.00 9539907826890412.00 9445835756731908.00 7652929855181718.00 10817946366339608.00 11550108217910646.00 10901684323724740.00 9308451374679282.00 10764869018149454.00 9851492373610000.00 9518457939670156.00 8835345282009517.00 11418183006298522.00 12250222045813562.00 11530955362249380.00 9295659867036464.00 10825296666902160.00 10265829620408664.00 10560966335305014.00 8404001365702813.00 
11334190140118136.00 11819609712920718.00 11029947169506862.00 9867444412568390.00 10288447203132694.00 10458029896602490.00 10970283759041238.00 9085775444878962.00 12323466069843526.00 12646312693526602.00 11644247041767600.00 10037356449132516.00 11305216919344372.00 9684177383771384.00 10524285790942792.00 8760855935428648.00 11868547148568834.00 12284798845321038.00 11308487375037472.00 10607762931729142.00 
11404280723650420.00 10505625398679458.00 10633284907357354.00 8749232537298704.00 11954162880906766.00 13387891032583290.00 12596880751036880.00 10262094729182428.00 11035399985763596.00 10359983906435006.00 10850669374822964.00 9161725873720848.00 11447727879412562.00 12678006217345926.00 11304510506267978.00 9958780534758208.00 11441813467580266.00 10972497126012246.00 11028576920295742.00 9426489097351010.00 
11349551433697868.00 12567761843083578.00 11941663213387688.00 10243208068855052.00 10855146966704786.00 10501539159920648.00 11108120987036176.00 9586699394828216.00 12292999515693864.00 13097901292258080.00 13507744698011324.00 10801871037407344.00 12397975688381522.00 10962219334326970.00 11485237184273250.00 9460492200340476.00 12210298626675464.00 13369933721677096.00 13240867756976590.00 10549930516330724.00 
11522390764812112.00 10280624896702948.00 11003687290485566.00 9061984683566338.00 12163081233248528.00 13906247851036702.00 12704647548609790.00 11049846318278900.00 12853669872609182.00 11979303429591118.00 10942284199183640.00 9114169691195636.00 12689462796955644.00 14130248340241700.00 12600211937204164.00 12171368085748678.00 11662934494827656.00 11621079258122404.00 12136445202344942.00 9787831501101318.00 
13743294733500630.00 13605872621130038.00 13072705576643182.00 10806025239242688.00 13133322281996508.00 12050483468290110.00 12128132347180802.00 9980329161782124.00 13796425094294378.00 13802063657691568.00 12991084639776010.00 11328287416561654.00 11288840863747056.00 11886191547530616.00 11337944906266904.00 10088603015738082.00 12639627035358134.00 13760321481400114.00 13826953037177162.00 12287508152455602.00 
11830371188099410.00 12347365054051908.00 11262279171449260.00 10458148883316144.00 13614539377218076.00 15778536201767480.00 13669746994874554.00 11685497753525504.00 12500153546464462.00 11391941773175024.00 12076349387430960.00 10069851962636674.00 13921763300372522.00 14001506942947338.00 14910306780702714.00 12054437168486094.00 12303610469602496.00 13177713469064906.00 12052959005175384.00 10734430537594194.00 
14411569986524364.00 15356059531754974.00 13759336061810956.00 11573868886002244.00 12852506398058232.00 11504635101221830.00 12423078079798214.00 10493375847705798.00 13745888162858918.00 14755913339321370.00 13873148564415426.00 12935462130517592.00 12973521580209310.00 12754992862008908.00 11849457742622104.00 11481122585518014.00 14787280390185622.00 15303579982392246.00 14749241140472300.00 11545189726712912.00 
12950637225681500.00 12466969632150176.00 13078997875882648.00 10055827300796712.00 13749161296542490.00 14990207612076170.00 14259443588200544.00 12738329694022132.00 13793952767713286.00 14376767060618060.00 12820733773922416.00 10990886202902126.00 14929005048208380.00 16359603992750750.00 14226657624839158.00 12587436244594606.00 13518156985720738.00 12514469923990136.00 12498692670302480.00 10929659666501236.00 
14132046097248098.00 15292159613066826.00 14269870023300320.00 12031790391147030.00 14190779343752764.00 13540150729099546.00 13563577083951488.00 10949765168582386.00 15823819970546054.00 15743489589663796.00 15038818281397838.00 12216511740473422.00 13268471315874442.00 12349828533589772.00 13472733983984218.00 10723419761754564.00 14454070268909744.00 15389822512200762.00 16369970392454362.00 12414112486059152.00 
14201702697413828.00 13533636451069460.00 13665599037642794.00 11213325246631226.00 14778019249402098.00 16063083778288706.00 16098898099560588.00 12956347251683128.00 13822993721665526.00 12086726072313514.00 13706754254375590.00 11288805656671262.00 15876578501814812.00 16982188139947420.00 15039164837276376.00 12809197671027584.00 13578522372766202.00 14515159160216168.00 13004999311418434.00 12081819294009380.00 
15867249870228486.00 16601453871930106.00 15202953902935290.00 12208869173165706.00 14861701845730638.00 12873001246947100.00 14078143835700844.00 11621229961274990.00 15632102021236506.00 15667280308187668.00 15710326914377782.00 13394939220967874.00 14405925532370728.00 14612778274215844.00 13429998078078238.00 11621240632162314.00 16101926358631728.00 17270667048681686.00 16164476040127016.00 13579168801819122.00 
14771200228518874.00 13200502128459376.00 13964228205089968.00 11215071682134278.00 15929545189879798.00 16757738400463868.00 15732257114413202.00 14366669028999946.00 15211404777895450.00 15410862387032088.00 15574430183228728.00 12742579544434062.00 16528443712138338.00 18060054853377336.00 16357471428579746.00 13206089532148616.00 14387160748435742.00 13814579460188734.00 14402759867524644.00 12632144908309080.00 
15990912279718374.00 16556169769558510.00 16540431676420542.00 14468721047725370.00 15444019883400156.00 14550228070260884.00 14564872542188916.00 12760122475085046.00 16692643776555774.00 18193107698777184.00 17553478291206066.00 13879433485030926.00 15078977281015782.00 13815099167508596.00 14229366923773558.00 11756270881054864.00 15927975412449298.00 18144453704628528.00 16108738154564384.00 14291751927099072.00 
16376173961169278.00 15620839691572902.00 15526752517135914.00 12455869283325642.00 16629128609206472.00 18282682771328292.00 16316816461218724.00 14494534685178902.00 15535231666279862.00 14669659400542390.00 15383940438882986.00 12616451158266296.00 17782089633752516.00 17669797624638174.00 16878707921979342.00 14525545892493146.00 16779684181915092.00 15930799247954090.00 14957473351408426.00 13356723856294656.00 
17525450674023216.00 18773810761043952.00 17216386268557112.00 15150926909524822.00 16395851678958136.00 15624350974570238.00 15630640830446702.00 13304988784946332.00 17524705263225592.00 18880906556613980.00 16770964284573532.00 15457984680602064.00 15239343624927648.00 14939595082607208.00 15442692262504534.00 12737329426289860.00 16910328394812882.00 18309315176824332.00 18303121282913412.00 14789587637262516.00 
15697082316000160.00 15016026544654308.00 15183187879012812.00 12812585549895996.00 17293459000272514.00 18479435644982600.00 16877621798934048.00 15455095954003464.00 16830176601981730.00 15180981137894286.00 15499183464906820.00 14376755690819992.00 18488334659304728.00 18446416947496892.00 17515680036723576.00 15268977054750486.00 16756392002693308.00 16163855496088336.00 15742343392603404.00 13272772907009790.00 
17479651884595088.00 19531836890629680.00 18129860693081536.00 15343057373410294.00 16661277467938608.00 17133644043677564.00 16359743106702338.00 14331492912144462.00 18223517570124864.00 19913790322810168.00 18168972284210648.00 14856924193905912.00 16429155733218874.00 15726906905666586.00 15513898922152868.00 12984606997666638.00 17753383237619922.00 20410880144918568.00 18650532357370716.00 16840409823040980.00 
18254274918586716.00 17131823834700118.00 16376427470030264.00 13950070150619522.00 18696928896253492.00 19556232665999136.00 18922150145910196.00 15634277483709504.00 17571809041853514.00 15597882576452694.00 16404959536236878.00 14256049399118874.00 19581435859547812.00 21191356843604368.00 19625201198410080.00 16699932665806792.00 17759988038328850.00 17412255498827912.00 18007811561369402.00 14439268751283572.00 
19432938233961260.00 20189899179769520.00 18173905345864652.00 15936628740969654.00 17432352555156558.00 16972766597411844.00 16981158237235824.00 13127306959485130.00 19577045243457124.00 19583380647598020.00 17547970581332468.00 17397923232944010.00 18663840294539600.00 17001868847363910.00 17208669774817354.00 15430467545163034.00 19820294254862620.00 20816769999079404.00 19345051849344804.00 15893929054136800.00 
15736164487891308.00 16087204998288112.00 16589109145465134.00 14039313443710598.00 18254735384327908.00 19925563089687092.00 19267473480108816.00 16599472712447478.00 18488797379691024.00 17643217664256306.00 16798943701695872.00 15223535291410926.00 20183895622654316.00 21256538505892400.00 20194531897633808.00 15859843025803704.00 18606222417387156.00 16955152121996072.00 17769966579930182.00 14659036354244466.00 
19401102433847400.00 20572507735098316.00 19102849397806832.00 16981102744017354.00 19386883138985656.00 17132372888301696.00 18161786758799616.00 15552881861667314.00 20629304123216020.00 21657673813321180.00 21045352660342480.00 17450892297620532.00 19395553595079460.00 17931838295313902.00 16642251978038610.00 15405457772117836.00 20192295221579268.00 22623488058131676.00 20621488808661900.00 18176875363869884.00 
19440207370782148.00 18570826721008800.00 17933178007547356.00 15897596181185726.00 20525970125655232.00 22023208174929244.00 19920632226047984.00 17004212189972208.00 18536925697544332.00 17486439560704216.00 17845530163074494.00 15114496566890374.00 20048771964956028.00 22549131370918484.00 20155147407163384.00 17469810741995670.00 19419204977196140.00 19738664927978252.00 19320168793876812.00 16681006353478522.00 
20966665377857132.00 22097541764920744.00 20154692019679308.00 18170764683644072.00 18901556302878556.00 17883980924452052.00 17535448802495946.00 16394527034560314.00 20415619968909504.00 22650830214633300.00 20678515825748576.00 18247002345085272.00 19964430398242328.00 17577985870209756.00 19201668472679080.00 16262620287537344.00 21050093582674748.00 23931589158041596.00 21140474848854552.00 17647955059137218.00 
18185186916865168.00 18578172701917176.00 18458150585771872.00 15954813247329704.00 21577289480588316.00 22219478756984852.00 19347052817578844.00 18956107945142092.00 20732245744678624.00 19517775794396360.00 20194376710439704.00 16716783657886120.00 21558802014009996.00 23542641530621372.00 22332624748460776.00 18402142856053776.00 20158298632470424.00 19929165797864616.00 19240673337067556.00 16785462674174046.00 
21939053675860008.00 23236443712121768.00 22013483156736004.00 18342125887151216.00 22143595679835928.00 20170492649843160.00 21091461165252276.00 17669919528710196.00 22051934167620272.00 22804355059737600.00 22454079689399260.00 19753831952781144.00 21761682453584360.00 19810481409519332.00 21679142225336320.00 19008441418743124.00 24186862183119756.00 23696966280483612.00 23862368128088132.00 19943852019820784.00 
20308944905610700.00 19675616123773084.00 19026181791516576.00 16704310990108964.00 21812908876739040.00 22534584966333472.00 21985468539397304.00 16815348825189506.00 19444153178952724.00 16946203644658614.00 18846119569585640.00 16300402454656584.00 23978380990503048.00 23121125060936924.00 22838498084539536.00 19140463454585824.00 20507564187742960.00 19510284408250692.00 19621838824628604.00 17635105622449038.00 
23312565590470252.00 22939336003499032.00 21972064736402268.00 16927735162329990.00 19623981829808748.00 18563835538550624.00 19649310216313468.00 16871795291282390.00 22628262098005284.00 22667604584749088.00 21414648981427164.00 19050117362947700.00 21694697096155692.00 19629775837991692.00 19901104385166256.00 16111840201648072.00 22190726355558608.00 24579368757757880.00 23333867802016796.00 19806018344625488.00 
20511826534679780.00 20863099242267344.00 20034931498345196.00 18183782592886624.00 22564942255197676.00 24156385189202452.00 23068715655862204.00 19312243481013044.00 20741462971979116.00 22143971298746168.00 19742634685291648.00 17422538274686862.00 21982294552992436.00 25021760980714044.00 21885465982191704.00 20233091032320196.00 21342636093547900.00 19195511855229612.00 20315406421727648.00 17463777476476160.00 
22287031160422684.00 24674868687488144.00 23623267872336252.00 19934190368301708.00 23378603001507468.00 21049845706101400.00 21027506499741348.00 17708780570365502.00 22869983417888644.00 24488064617528472.00 23376793270014632.00 19188478272855576.00 22028412628403640.00 19439257793646216.00 20327259022695608.00 18384193493096796.00 22553054434632340.00 25597734881329824.00 23446518319363352.00 20867487612078556.00 
21592679499282664.00 21481872112572160.00 20592596229925680.00 17819016979451836.00 24173071904935904.00 24065967051464700.00 23858082849303588.00 19323197850285564.00 20733449981695560.00 21072552150930960.00 21453908221681004.00 17650736862602116.00 23517447145304688.00 24642138513279296.00 25130329949211064.00 21164689949490328.00 21897111861182268.00 22365906019640024.00 20667820540120324.00 18297384199389692.00 
23899019776199216.00 25222066264767856.00 25185645514736156.00 20070654502128956.00 20714035395255920.00 20335924934842028.00 22407575718208940.00 18046834480286872.00 23357158431201904.00 26345339106606356.00 24700455455630056.00 21175423969725696.00 23267454347717112.00 22836015313497728.00 21733820580974128.00 19055781876276280.00 24189767976073148.00 27978216899290080.00 23910284255554764.00 21190361002970920.00 
21597727087245492.00 20635782165039904.00 20479369177052856.00 18039925851279712.00 24502035815184832.00 24415154203638880.00 23935785778474772.00 20390996307899604.00 24952220882504880.00 22207094788050040.00 21187753420378112.00 18522317901977112.00 25170577683405084.00 26788118463246480.00 26246307079905248.00 21733965660322232.00 21923459100666544.00 21309667508432604.00 21253450032705136.00 18333434412941136.00 
24229076900735228.00 25832608458282256.00 26535058867457604.00 23134841278240236.00 24267756753392824.00 22591426964074440.00 24073687485733624.00 18941949574810100.00 25755595483277608.00 26795621366915088.00 24920069786990684.00 20674708880149936.00 23108178453442984.00 21334528809942288.00 21523994919127296.00 20738972388451672.00 26408835273537356.00 27929586433931852.00 24434128786161340.00 21631584028481704.00 
24231517336865760.00 26781682309053640.00 22598160829777796.00 19255279469233252.00 25828541102015872.00 28331571060102072.00 25885584531459712.00 21543786029343640.00 23873707106763228.00 22117395556180700.00 22830294768226660.00 19555808125490704.00 25542889057291276.00 26684772133116892.00 26091185129202800.00 22336122140644772.00 24044996825100780.00 22227120161578284.00 23701170301397432.00 19518445231168512.00 
25909432353702712.00 27117826795985288.00 25954588705424468.00 20626918068553756.00 23331980359060416.00 22875490363313612.00 21539586974828820.00 18544061952098120.00 25221358637805856.00 25974614695518400.00 26486416389945300.00 21703104975669656.00 24913711790306572.00 23736360884551976.00 24033294168274572.00 19919781214710048.00 24292613884109124.00 28230688559655672.00 24845589032525364.00 21609501827005004.00 
22744792338050820.00 20488003972811928.00 22913590082139380.00 20574653994268356.00 25579440527111712.00 29154885097951588.00 26503954264753368.00 21399363987838672.00 24708570639777512.00 23926175230910196.00 21996033691576552.00 19027874889448164.00 25754842944416656.00 26969918614314808.00 25647697430434852.00 22150550208684316.00 23130834410800004.00 23635387145732700.00 24210084619480036.00 20408347869893328.00 
26680587703435596.00 28243251980582832.00 27548327609879852.00 24064415408029072.00 25943317155731772.00 24517186723742760.00 24599481337662032.00 20025862693683124.00 25279032088890316.00 28057311503815196.00 26419165471842124.00 22202021787096084.00 23353559894604804.00 23115253449896224.00 24401124395486680.00 20003534474076628.00 26938001308864656.00 28059604442212520.00 26500505228529144.00 23421656575338728.00 
25970485637340168.00 27368485080893904.00 24445975253701948.00 21077907500197260.00 25907995029614068.00 28167090310563712.00 26843601958993436.00 24082974117547816.00 24760227719294188.00 22769470966996612.00 23813355351602196.00 20814193242997716.00 27512213315332784.00 27790414949113280.00 28092306853765700.00 24463587047687492.00 27975026346411892.00 23789030566300688.00 25194094388738348.00 21091127303243832.00 
27324923890343716.00 30455218727507528.00 26354971232491436.00 24790156476761328.00 24347494285990628.00 23404841729034228.00 24065321776149400.00 21635605849209220.00 28081013936681640.00 29065605793026436.00 26597311799705516.00 24166787893786696.00 26979143614844020.00 25554867974220612.00 24038020237534936.00 22297615352633708.00 29332449784337824.00 30447081449786644.00 28524078129608736.00 22981537415166280.00 
24551025436735288.00 22118875577759036.00 24292597139360376.00 21156784748779352.00 27675706379599200.00 29714431902852680.00 28194917490785672.00 25683629436729908.00 26353994885874848.00 26603372334429384.00 25494152186152792.00 21665831381439324.00 27750854101465332.00 29903962014264144.00 28451671521779688.00 23258000035779340.00 25481172276789552.00 25245727898756532.00 22798390001996916.00 21033562101588028.00 
27697260948035884.00 31532085654247244.00 27253668319203844.00 24313772726796060.00 26874984996617496.00 26371282703368372.00 24073794789292928.00 22579785629014284.00 27854650777038572.00 30002838330741556.00 26827376190891148.00 21605520463785440.00 24830167713676252.00 25531858223455288.00 25154005826474716.00 22821990770093984.00 27498247678152348.00 30686023142227984.00 28488283584194404.00 26077316784994672.00 
26368432852221220.00 25264859968022836.00 27552431444251360.00 21133113744048036.00 27848119430511400.00 30292153272274904.00 28461288236809916.00 24850528300581972.00 24675123610435312.00 24917841123001160.00 24931806842119888.00 20861216817436448.00 27433733713481244.00 30935655757998364.00 27925424973070200.00 25077993656349544.00 26359086496760324.00 24498823785802404.00 26627236692542680.00 21636979137862236.00 
28242270955244872.00 30663471714104756.00 28667631672543824.00 24112070344824252.00 26763077075991556.00 25917437600104396.00 27399913151510784.00 22395849316273668.00 30584702250755548.00 31474194232911812.00 29517680757586560.00 25912422740386988.00 25454085437824312.00 28684382795112068.00 27421869796625932.00 22257416233067956.00 28688316209025932.00 31097343431396880.00 28662611107371060.00 24920461664011164.00 
25885505342342836.00 26504996046879952.00 25422573285647640.00 21829914942576348.00 28463319349862972.00 28737555545576112.00 30785654627255728.00 26336408497921800.00 28072544414278200.00 26357586808929180.00 25251312716647660.00 22886105086804608.00 28593084988099228.00 32763068422895656.00 29272720911816864.00 25032129695862172.00 26813835762498244.00 25441146108824648.00 26507486589758564.00 21748138024053992.00 
29789522506374956.00 33532042895189840.00 29742514324322852.00 26419955080863128.00 27321598097104228.00 27249031704146600.00 25928758956207260.00 22028312409703304.00 28222254028326584.00 31616571117619208.00 30893944365478140.00 24357028258678288.00 26729126999374448.00 24665060835992896.00 25764005540561064.00 23461341828175152.00 30602879951746960.00 32840038081705912.00 28255297635669812.00 25067420108711592.00 
29138525626874648.00 28242885419567836.00 27977495218087864.00 23587877697252720.00 30091083027185224.00 33476657676666328.00 30268444947189232.00 26007766874714408.00 28010016530981536.00 27132059048540232.00 26221709111726292.00 21640138924470180.00 28509774586283992.00 32612735226076688.00 28223611460906620.00 26543684268682112.00 28518129635249796.00 28072156884210036.00 26877407954337300.00 24345373751043292.00 
31129377847623332.00 33227288450491604.00 30162102585547844.00 27273498328519088.00 25672875631718788.00 25891592056056760.00 26145163893901220.00 22789891927445036.00 30184084832015352.00 33206477054586400.00 31275396784675644.00 26579030707781560.00 29604327099477420.00 26709633872376872.00 27689084488890840.00 21732320982812124.00 30619504778184912.00 32590746046936636.00 30179720665069904.00 24536383831072120.00 
27246550210070784.00 25647975386748148.00 29561620353474344.00 22572715854146184.00 30578202776683664.00 33898010492854900.00 31785399096980036.00 26771601126486340.00 28860955684941524.00 26450434128430772.00 28771209558872584.00 24725839102560992.00 31620625846526740.00 33798211779482384.00 33381484826261480.00 27164756199773508.00 27824062692646868.00 27942989434393768.00 26133068162758664.00 21723377323097492.00 
31620460342237360.00 35339971895394032.00 32085495866436368.00 27930940709743248.00 26320506439386648.00 27341606496808712.00 28544121421028616.00 24326874663906044.00 31996064960326548.00 34795327303309348.00 32741239767162088.00 27030307108208588.00 27873885311918604.00 26923698173062980.00 27075298036876148.00 23802842850577876.00 30414085699395180.00 33791919961249232.00 30927617676231628.00 28689871614639568.00 
29295992773025732.00 28119425571586140.00 27054446796897176.00 21895017351087124.00 31216277061946524.00 35200541408583756.00 32347360254691524.00 27319830441293120.00 27804982704960828.00 29484643943898924.00 27042929115616476.00 23579784704247140.00 31237885512208616.00 34919064082900244.00 33200679786479376.00 27174239524842672.00 29165273779533528.00 29531365946289428.00 28125075710916024.00 25756667205441624.00 
32058009934316736.00 34330154491697888.00 32861005219959844.00 28039757727461352.00 29709485530718224.00 26586152289302360.00 28896448922760428.00 26241437975160360.00 31853248785411448.00 32948295112282660.00 33516907823354524.00 27273397841927796.00 30086932728149104.00 28043755043088404.00 28823931788662932.00 24006286310345400.00 33156010701748228.00 36154263608239120.00 34509695569727544.00 28883409587843376.00 
29015895293598568.00 27657837118721868.00 30167368068381892.00 23708782598654236.00 32447970465373404.00 34496511959420000.00 34360535026677268.00 27453335877201756.00 30953686737810176.00 28784833301339484.00 28605466249907392.00 24572700196415428.00 32445304257314132.00 33594578822513188.00 32208762509342028.00 27833970191048580.00 27573764824592856.00 29877397516307008.00 26833011432660736.00 26296961897296244.00 
33425049262008772.00 33829899122245916.00 33416071168204508.00 29673858735743544.00 31516636283939604.00 30258512829294620.00 29603476659903144.00 25959315545964568.00 31648803270837444.00 36276623708084408.00 33111620387803096.00 27041516364247148.00 30133450963539236.00 28454685318376032.00 28254219584755560.00 24572274694839596.00 31856720713165400.00 33953222603260600.00 32035812581925828.00 27635432315326276.00 
31184321023176452.00 30396262820700860.00 30312117665878952.00 25290441481927296.00 33858223861261240.00 36974292105790992.00 33648177474616580.00 28814627430331168.00 31037345108741372.00 29122796141305016.00 29908832494328068.00 24948344822731816.00 33678654861220704.00 36233623943333688.00 33873427900149404.00 29684156663298140.00 30363450285551532.00 30560202596256444.00 29761526927395612.00 26109848579386932.00 
32890107659854384.00 34546229646090720.00 33921322844675160.00 28385049018548844.00 30363526202092952.00 30123258287265084.00 30815410475744452.00 26266091272186036.00 34478023309385216.00 35350009821641596.00 31700975908812748.00 24993395906976216.00 32180648023984352.00 30426969305683192.00 26166644915577844.00 24931904460262352.00 32325826681836084.00 36612531136005424.00 34117097257614592.00 27521727272889760.00 
30081399396724944.00 27670225545318052.00 30375902790509432.00 26320258131313076.00 34003570067278836.00 35918309683116128.00 34973073009696476.00 31239588622248988.00 31304475534433764.00 31421639995341748.00 32279834520275596.00 26681882006414488.00 32871638764404732.00 37409269040359584.00 35828031734941008.00 28899486475165420.00 30834290747729408.00 28826649197646216.00 32195879853944264.00 26297812282591528.00 
34660144976895464.00 36849385228018760.00 34492005900266432.00 29967925303180776.00 31262383873947708.00 29187961433452668.00 29764122882549148.00 24430499297038252.00 34286913946879164.00 36254857626556832.00 35292396010470312.00 30347408707638540.00 30953845631536640.00 31520168531173464.00 32916965061706988.00 27483898984758724.00 32945360754196192.00 36226432572498936.00 34965004005763292.00 29489075379386388.00 
32424975793423684.00 29774115520317956.00 31384899756913968.00 25842587971946404.00 35469560822483652.00 38071359381364160.00 36586908175813904.00 31867074891695640.00 29065791222530640.00 30614247148407792.00 31131971164238808.00 27609459939656736.00 35569249778322936.00 36376358935192632.00 36439324163930528.00 31889565634783520.00 34364484000052112.00 32140224621750200.00 30637848246329072.00 27119197815999960.00 
36619728290963552.00 38611532301129720.00 37958410768768112.00 31700505448451280.00 32961762916204556.00 30107709647962800.00 31028030520504988.00 27094585483638116.00 35257484188192224.00 36100062739041824.00 36777400569853736.00 31728733165518916.00 34237217403029592.00 34206677818379688.00 32242588164433396.00 27183741640843516.00 35024032101992524.00 36361665829361096.00 36816097918718424.00 29075478110012828.00 
31279970350796744.00 30923316958203220.00 31522246903810980.00 25532951042004756.00 34632278556505820.00 39479229072771080.00 37894544441906912.00 29423163987818440.00 34794276604193824.00 31914799370810160.00 32953630093386320.00 26702660214009500.00 36736965361195128.00 37043769242259568.00 34473898028511372.00 30216250374573132.00 32003470911551892.00 31254188919198468.00 31488310676743788.00 29095488393560212.00 
35030273080398924.00 37524876483718888.00 37455546655646688.00 33403140003451764.00 32372919220992800.00 32794738305477312.00 33297730334726328.00 27238673355259656.00 35940127528437976.00 38847800107497632.00 36372277768881200.00 31284982476535280.00 33260019763125352.00 31237131622146784.00 31177277164731260.00 28035079201146112.00 36176641779644032.00 39671702998855000.00 34442090327216088.00 32467008007245664.00 
34225885141072128.00 33745374321901592.00 33004706077857472.00 30108632699845592.00 37732699882536224.00 42043842320839728.00 38186164500040568.00 31687732588339796.00 33064988070209440.00 30306497836553312.00 30713216485344924.00 27879622030379504.00 35739729485178544.00 39720716739780352.00 35775766090107480.00 30401646734743832.00 34790145857712568.00 32661274274057884.00 34331775940879400.00 28757172645283144.00 
36356661235557640.00 40833505452082136.00 37696363180155088.00 32713358329745396.00 33739988451759232.00 33197563594978944.00 30879378257343208.00 27253198269161524.00 38089986243668840.00 36671798254587632.00 39362582665314040.00 31654040134813300.00 33552465389643832.00 32928926031310936.00 35305916030240752.00 29463694136925004.00 37085238652889232.00 38867717627587704.00 38700191178122416.00 29158367142511824.00 
32841491586272280.00 31637854990974668.00 33640025797990420.00 28247269129083116.00 37925586386865144.00 38506883090212848.00 38744365539073648.00 31984996712613160.00 35850618744752332.00 36797625098084992.00 33858035146577036.00 29088222829343804.00 37179682234482736.00 39093199750245384.00 40447490797828032.00 31442844020711376.00 34571629965731424.00 31865726857278012.00 34320653030329976.00 28268656472853376.00 
36550230981124680.00 41709427298706696.00 37647120165058592.00 33149416011977768.00 34366404150014456.00 33031569503545024.00 34855606466928468.00 28998900171199812.00 39215903036630568.00 38164779221501448.00 38506994154121088.00 30750713581011284.00 34289796353608476.00 31389275747944432.00 33905138489311880.00 28259800480577620.00 38784851180960536.00 38096509423365016.00 39655907346964112.00 33920965486012932.00 
38744111230726640.00 35241520425609856.00 36322993547926248.00 28522129313738364.00 39511728825694976.00 42177764694168488.00 38026290476132720.00 31138462772709668.00 34944975249038608.00 30105520472422748.00 33785343456898040.00 27517353198814892.00 39674870500295304.00 39842154997204480.00 39011753969746792.00 34849696397500324.00 36878940447751016.00 36900805216665336.00 32712467245055904.00 30339945194635496.00 
38174416778837840.00 42076360026659992.00 42559915945483872.00 34689996704247000.00 33575397368326860.00 31811920237604364.00 35466986262611692.00 28366141270669244.00 38377111660250848.00 39909302411742728.00 37322738165157696.00 34814848771543024.00 37691866905086672.00 36560903773004792.00 35012039644119372.00 32242114472788760.00 40933131239227496.00 42703982126213256.00 40460891395213328.00 34225202291515468.00 
32199487469102940.00 33853836068303460.00 33292864580441324.00 29034926645009644.00 38851624922261560.00 44226277225297608.00 38648526889476856.00 33521305747486172.00 37332063714220120.00 36741635195823744.00 37346636796816080.00 30495421965219420.00 38850662556851624.00 41776472691781464.00 40424183195370048.00 31269304303595796.00 32969407043815064.00 35886072087516632.00 35069175024962060.00 30824584347606248.00 
40350639293691320.00 40994917491854912.00 39237365034432896.00 34648665964540324.00 36711379274335632.00 36793942060634928.00 34527640978601520.00 28918904720492580.00 39655296319645824.00 44356038690236728.00 41649848320836896.00 35360673033413384.00 33119085436275992.00 33167224987929532.00 33819912617945280.00 29855861860725520.00 40614587665095336.00 44888211067683320.00 40844069218030552.00 32697548121002568.00 
38857821395973472.00 35447180870298844.00 36644713029539704.00 30671979534223568.00 40270483397228008.00 44074579913646024.00 39502486541910192.00 33504917686901396.00 34124124911747544.00 32460404362909864.00 36394463111815008.00 31019739163007784.00 41105883596241376.00 42799573598211072.00 39775146668874232.00 34597188091212344.00 40282127436978448.00 38007647791345528.00 36851154442235552.00 31705841386072032.00 
39908945861359472.00 44246807264734816.00 40679490109990976.00 35338665073055236.00 36752115952942000.00 34867526813390928.00 36957214670149344.00 30416862527401652.00 41121936667020152.00 41373375311344696.00 39656107698474072.00 33276591566243448.00 37976593808584832.00 33941558961708240.00 37938889918512832.00 31974248611027004.00 39649335919634128.00 45780857334987384.00 41589771877745840.00 35852026711632008.00 
38380592349545392.00 34466331724742724.00 37430101756633736.00 31748792454952584.00 39607451432750256.00 43426176553047616.00 43229199482953088.00 35996811476607740.00 39263332790471968.00 38362612792037616.00 36691250004526544.00 30865729762846308.00 41389078215302856.00 45788378584389736.00 39729854028087528.00 34047200095969284.00 39279322010505096.00 34740151543542244.00 38316114009371768.00 32948661627340892.00 
40632325296602672.00 43371664048130392.00 42572783358658144.00 36714642054438304.00 37984404391035208.00 39218334414060592.00 37862128808377824.00 33693292884637268.00 41296730345963688.00 47493954186091528.00 42093703538361632.00 34477973124376856.00 37393391611184480.00 37340616622654568.00 36885785696157056.00 31380237982240440.00 41603264294085216.00 45955866710879192.00 42440585848967640.00 37365169101764840.00 
39674485126964216.00 39746528329681616.00 36195447059059064.00 31045970874697564.00 41004873170420712.00 43243957188884136.00 42735483536296088.00 37291634266982984.00 36386744631093984.00 34923404084493840.00 34860871148708292.00 31730264125653892.00 41135805502497160.00 43777281613438608.00 42804950214265040.00 33669941211570616.00 40188285807923016.00 39287805554641816.00 38990218267053672.00 33223658622527756.00 
42764969371973608.00 45585706908524080.00 44139003190781880.00 35020485446144688.00 39779150565662248.00 37391375241139864.00 38264058691844032.00 34080212032172256.00 41867485886294048.00 45157115737211824.00 40065217597653808.00 36922705352224656.00 40362789584165328.00 39976313487985360.00 38438606391607544.00 34259940567333388.00 43333855053679600.00 47253145731273568.00 41972508024265680.00 38027700974195032.00 
37914634926331016.00 35865135925069412.00 38399657729589040.00 31686613336436800.00 43168814362375704.00 45320397507061184.00 43236795487488304.00 38116075980421344.00 40602257817948496.00 37912757904307336.00 38078120897546024.00 31093623851632756.00 40883070274525128.00 43513783027775936.00 43511043434286336.00 35822190941378120.00 36825038735735032.00 37335149920355944.00 38269501209123800.00 32964799951816928.00 
44886680374354384.00 43506059579277808.00 42996373206350656.00 38948338613265624.00 41029012189483496.00 39513502905141168.00 38715763011083024.00 32750372507084356.00 45185427611481464.00 46625933520608392.00 43308798669958656.00 36038363667765968.00 40542556069031952.00 38573267314682776.00 38498269662580800.00 32100709061071968.00 41327875507767472.00 49456405033359560.00 44148462410162096.00 36394270164278336.00 
40060783612436160.00 39160897914443912.00 39022338539147048.00 33078275846825948.00 43337290644284952.00 49309762611233376.00 44321337232409664.00 37712985097326392.00 37657055481817824.00 40271087345626848.00 37320133444469520.00 34301291054292408.00 43640066207315880.00 44886185116246928.00 44272945505432120.00 38642181398957392.00 44630606158136808.00 42025856968629464.00 37263928179146384.00 33861884584716652.00 
45126151060267648.00 43643673886048112.00 44485988952029024.00 37285892236556104.00 38428499776357448.00 37806591298839560.00 37604912788144408.00 32815528527206736.00 42958093126413720.00 45579740017139592.00 44652445659522816.00 40234702730124376.00 42517427955976832.00 41995391669892408.00 41184377127822352.00 34563996314890868.00 46062387192850584.00 48184588352370136.00 43253181609024496.00 39457047644664184.00 
39249335677281784.00 39665819453719448.00 41262576314532944.00 33884603912485820.00 45441551877074536.00 46621925318898160.00 44439940178979568.00 39438340085870712.00 43002008674493568.00 41014616561446808.00 38396294790444544.00 36030079612372696.00 45265686184791384.00 50387379315656728.00 44571140360206744.00 37394587181584384.00 38981133483999024.00 38630903740782760.00 39692189841101216.00 32848863836707956.00 
44461044460337904.00 42425245679351808.00 40209347304496008.00 36356420100446776.00 40372906104247392.00 38033924675738776.00 36703946327988544.00 34414290966641608.00 46121093233902000.00 49221623209542104.00 46838037763890760.00 37031329968744464.00 40438619189868848.00 35832211181231132.00 39907935627992104.00 33318959104237948.00 46178056010742400.00 47563809075759640.00 44502759632769288.00 37934792318781032.00 
43958148027933696.00 42672806549511128.00 40469903207120688.00 33103377702817400.00 45778706164876736.00 48435035411009264.00 48058137813422480.00 37312687188369536.00 37682249081040504.00 38059473955579624.00 37018007247861168.00 33855309374770024.00 44623592886789216.00 47293542626582024.00 43562996023383584.00 37925110815078976.00 41723449988802512.00 40740872025330888.00 42538962457294520.00 34295485141932872.00 
48653541467616432.00 51138217276075040.00 48247190072002144.00 39744436726424968.00 45754556358410824.00 36869908618318360.00 38343697539294192.00 32879395717111432.00 46019844558514256.00 47962895776443192.00 45607821383365448.00 42542631626473144.00 43618879467545832.00 42332862777459728.00 40070078104951624.00 34521991325991644.00 45575638671707624.00 52391391418854600.00 44303249130109360.00 39165826425923304.00 
41746574909778320.00 40561479187220720.00 41385624732428312.00 33722490764124396.00 43521725918697912.00 47870843982105448.00 45056707376906288.00 40983979795144304.00 44060576732210576.00 42129568301580480.00 44379314329461840.00 36561048244658344.00 47937907601319528.00 52820729544927128.00 49086592867093648.00 41362493530128720.00 44057325506937456.00 39548591711819760.00 41717156948308824.00 36900212069070120.00 
46926461775249640.00 48280812058408464.00 45553439412032248.00 41915675184364880.00 43821948964028584.00 46254036933576384.00 40997689625960008.00 36493936688269736.00 46735166059171144.00 49273448865129328.00 46995925363411824.00 39436217998179504.00 42312302500986248.00 42285396405692952.00 40292635955674304.00 35146117170674364.00 44361933415443312.00 49541594689193296.00 47480199600287048.00 40911228776358216.00 
42495040014137648.00 42327757784478192.00 43230120420715848.00 34421362527260892.00 46848667925281032.00 49116541802830624.00 49526947688321584.00 39999744516216112.00 41843400874514792.00 45456167899636880.00 40623116117535696.00 37795475114099464.00 47268552328620984.00 49840918108301248.00 45428298497841336.00 42013006399182760.00 48663971051707984.00 43682373524529048.00 43344116285471768.00 35770140710181240.00 
49129516906608160.00 49529020019365160.00 47396203720523208.00 40623450889674224.00 44329131291635920.00 41339354308990392.00 42703862022503760.00 35966802859760240.00 44775398825558584.00 51208223518323944.00 47625424904303080.00 41885488596050560.00 44772469498877640.00 44331729264114096.00 42719639162163344.00 35943810600421404.00 48458965140569160.00 51674579318504688.00 48967752986227304.00 36534348432848720.00 
44985164263982136.00 40081433438582192.00 43180200814012144.00 35788297789736104.00 45760103557244016.00 47780148880950152.00 49035713888851072.00 43754664508048800.00 47301603465254888.00 43225635423136752.00 43269365038028992.00 36951798198161544.00 52321421118891320.00 52019096746803024.00 50279663586553000.00 42575245532172240.00 45825487515600776.00 41698001279219232.00 42764078370748840.00 38373912938392448.00 
51928778814575488.00 49709990467756040.00 46648391740022408.00 42241033899527328.00 44839192881461528.00 45013983304264464.00 41056896173575952.00 37457752312574960.00 49915972388546136.00 53349754108604192.00 47950824897785696.00 41460629658500544.00 42452586940800472.00 42080390430165992.00 41389370536293056.00 36575898717693000.00 49361699324590856.00 46134532097813416.00 47895662755810192.00 42500794763228416.00 
44694860304353920.00 44847971564426040.00 42596680946819872.00 36779400035159336.00 49047691084379296.00 52614361087533592.00 49530984370329912.00 41546019628457592.00 43106289137294368.00 44358297041433760.00 41634789905634808.00 37303833454272280.00 49212098295557488.00 51763966836747416.00 51167252433139528.00 42074098109657752.00 48613178744280960.00 47637746282744664.00 45405352390591552.00 37551633515329744.00 
48661040269096216.00 51425581255727216.00 49859373401951888.00 40997345254500560.00 45943953753836096.00 40851622894588112.00 43089393248225808.00 36925987569294608.00 49713748742052552.00 51727144465398304.00 46995822421759632.00 43152562718000792.00 45898310972696000.00 44067623775862520.00 45324187954085368.00 38495843991137064.00 52545546802380960.00 53857628098456088.00 51743978254102424.00 43438633420153312.00 
47582341427370752.00 42209506037286968.00 42105650891611328.00 37888948470035168.00 50322780632351400.00 51812933439250944.00 46775678314349712.00 40641058392363648.00 44658929814483632.00 41667581233589104.00 43680939132877480.00 32955991487060080.00 46670401633836712.00 54730009121331008.00 50150878842926272.00 43467787940893032.00 43426093931901264.00 44038568821531432.00 43943959620710432.00 38588265671240256.00 
51909754869150696.00 54268976819972008.00 48199419151607792.00 43952798767870472.00 44860120207454392.00 46362240974532088.00 43011127580557392.00 39573057939677944.00 47840702958020352.00 53404603256782232.00 50716517862216696.00 42263231904089472.00 44555046722369056.00 43372366143532496.00 43878489748371480.00 40345745856814840.00 50576826937828584.00 51214581232687240.00 49982907862685120.00 43914246637521856.00 
50452190936885792.00 44842131014576424.00 43937107194507488.00 38244281429716224.00 49993383066806296.00 55738696727333464.00 50144756120412272.00 45564249774374936.00 46122136706694880.00 43759766464486680.00 45248728469297712.00 38016706287956544.00 49424310762577504.00 55040599173513568.00 51399846487364088.00 43438612517749248.00 49266258895218528.00 49001574577753192.00 44945508668574152.00 40727306401460712.00 
49745916498881120.00 55647918537653320.00 50655808948466728.00 44864609893287128.00 46371295205646792.00 44309704996705584.00 45214970573750928.00 35727314316334600.00 49909154715714728.00 53558279257841272.00 47624836369021296.00 44404747946433192.00 45010020416185992.00 48292637859002720.00 46299232720852496.00 40054290570278888.00 51150196955004824.00 54600824686554656.00 53663308530308096.00 45015829064844016.00 
45451878422281832.00 43821781669236824.00 42416811221155304.00 39407222365930536.00 49832542736252264.00 54643024403486112.00 51187517490735800.00 45339735243956888.00 47240173749801312.00 47395973164532944.00 46066739035300000.00 39140757756074520.00 51859545257651632.00 55718260186993584.00 52114132470220232.00 44648808062192928.00 44811285127646704.00 43800327401038640.00 44372952176355160.00 38733020033700984.00 
52605251783109016.00 55270616246081744.00 52140448326950496.00 43294895939807992.00 52439513718063416.00 48287179856705136.00 45943568223234520.00 41706074529305912.00 52723916517857968.00 55187477375503192.00 51395109876613400.00 43119116660699928.00 46691847727838952.00 47190765763409288.00 43995001985056744.00 36970946587338384.00 49715072059864184.00 54452545881498288.00 51764676503579768.00 46491601534043208.00 
49004384273065552.00 46264020876313152.00 47214090284431368.00 40431356642971080.00 52592789166979920.00 56376091754038328.00 55989144559471008.00 45278260651873544.00 47825550653891976.00 47829479621553680.00 49445420981452544.00 39073022754116616.00 51302167655457384.00 58065528279259064.00 53497391987519688.00 45183234293284408.00 52430938680848928.00 51242145366377728.00 47620321747708064.00 41327589788200496.00 
52823517872150832.00 54814518295370168.00 54190885762549760.00 44484115349340928.00 45256142016423576.00 43751661807202880.00 46553309128149856.00 37454876487950016.00 52910988310645720.00 58287089934953856.00 51153131492310672.00 48844383423385264.00 48917811563713072.00 46616326122807552.00 45923593258505016.00 40019811945623232.00 51250661883620504.00 55556728616720064.00 54775624016446392.00 45879897260843704.00 
50145366221852480.00 46837178522381056.00 49092577481932248.00 42855370441226416.00 51685259888019456.00 55408198831233056.00 52910556031290480.00 44655205545074840.00 53105826404503008.00 46697834641952992.00 47589536709950848.00 39156081828604664.00 53246861490644600.00 55662317977701744.00 54691011290287080.00 46185278988466296.00 53062196067462920.00 46482193244987440.00 47770908185796928.00 41297239246120136.00 
50994031546438320.00 56496459626665952.00 55285695590428816.00 45608043265704712.00 50565911852640240.00 48788229512453624.00 46757126228435048.00 40875635827109296.00 50809459165251752.00 56287452768448568.00 53856178750689344.00 45709718980157120.00 47932748583648160.00 48824180654770256.00 48009577411789056.00 42649910412787600.00 53593853642936200.00 54817851711615144.00 52980057724862416.00 48434746674263416.00 
51471908031862088.00 49053081245666528.00 48277694078019544.00 42879865572376680.00 55113919605106928.00 56352240478884040.00 53636779929086096.00 44230601523226488.00 49346306799651088.00 48532570570641904.00 47964917449045864.00 40215775948419864.00 53192940066842224.00 56631832344913464.00 54976417351276776.00 48036802538803184.00 48074403853318120.00 50836802210811104.00 46473023117828344.00 38485034830736248.00 
50237368866222784.00 57110447172160320.00 58566630539604216.00 45145120496494576.00 49259008593150848.00 46260956578335016.00 46407437946534976.00 41086291064726072.00 54020199862335240.00 59889407160948896.00 53670378414288328.00 46481852004000288.00 49844809418388968.00 47991345512922880.00 47176309639588520.00 40658233498526368.00 52627956983416832.00 57854158788728360.00 55011551537065352.00 43377967643743392.00 
49487754957628240.00 44001094032911680.00 44505263297368912.00 41113061536464920.00 53496818750121592.00 58048089369956264.00 55190934065762960.00 47691019495001336.00 52871190747773992.00 52343268665778296.00 50989254037179992.00 43407345987410304.00 57048925562010448.00 58652020669085296.00 56227641124284544.00 45890895456999760.00 48135928937238056.00 43101631182219528.00 46318608645557000.00 42943465530962848.00 
55497214701909208.00 62102593484187768.00 54641023555224448.00 49690641520584728.00 50636838995334384.00 51966135918607224.00 51513332818639904.00 39385412521625808.00 55067179205949352.00 58246170063272312.00 57121230028467024.00 47427410566914840.00 53735538529134272.00 48701159981957272.00 50889914124806400.00 44102026207026456.00 56600945877970928.00 54727593949025800.00 57551325902261616.00 47244771028418808.00 
53449334694095360.00 51514591456530184.00 48192670676745680.00 44001253192849520.00 57190370036692872.00 58637096715129768.00 56310816574006712.00 49255180771358136.00 51572240377072920.00 46659770656074936.00 46584507672020856.00 38059144866521272.00 53271933842246664.00 57835486752319088.00 53624730693653584.00 45286828516021568.00 52269740552603136.00 49655698837180648.00 50064966160776584.00 44989666425670480.00 
56413878264620824.00 60594311089390032.00 53042355620198880.00 46452330325496536.00 48044911713002352.00 46262642950384680.00 49458929689111928.00 39848300595212536.00 57563935210084408.00 55498662940376312.00 51524478241399832.00 50685769792685760.00 54272797801760344.00 50666345238114360.00 50702652265341760.00 45934071080953088.00 57678247543049256.00 56807742866155208.00 56976635194654656.00 44629771533878920.00 
49949816711905752.00 46994519807244632.00 46517213714432392.00 43305828836929840.00 56617916007780288.00 59533359891905592.00 56492983958187912.00 46912128927443768.00 56101839137656176.00 51126070053730560.00 51037382138630176.00 41398208722917280.00 55848491226667472.00 62025343931547856.00 59142886037395528.00 47182764615251848.00 48833755181542168.00 49673916087010688.00 48627463147560704.00 41661083504209000.00 
55834644483570080.00 60295017669717600.00 54730327908855560.00 45333903563718864.00 47930134661241208.00 50327268274245952.00 55692341136556408.00 42528920358086272.00 55473414924892288.00 59629242893560624.00 57525172233051864.00 50968174648810520.00 52525967943632320.00 46641740420413800.00 51533257542680344.00 43131962606650888.00 60258724520126216.00 60812812552576312.00 59580772020112736.00 48409566174117472.00 
50076759965695520.00 52297437385928432.00 52270198537499488.00 45870725208481328.00 56187106839312000.00 64471328443787200.00 54551568422049040.00 49907276578773088.00 52947953869010688.00 47676547037118048.00 49326597990017544.00 41157887293353936.00 55673397184665184.00 57525497146313008.00 57149095708736368.00 48805529040410416.00 55157401131581688.00 52053409457682784.00 52964187337743304.00 44102858724932496.00 
57977080413497576.00 59329825099921704.00 60767057951959200.00 45287252269187744.00 50773105664744208.00 50991317446038040.00 49153114961100424.00 42824278552282640.00 54940481866150096.00 60852291805523368.00 56711807689884584.00 49712776823514000.00 55628415337673896.00 53593243295421744.00 51347788537875936.00 43817356893279040.00 54744893905173520.00 63377073112549152.00 56304274085204552.00 51317394845340448.00 
55062238467935856.00 48532039789043320.00 53105268593775960.00 42891303875269768.00 58751706729945584.00 65078167304576832.00 55939350318139040.00 51016953393931920.00 55251319669162408.00 53010281529740504.00 52189244368664600.00 43699230626357656.00 56240032532106544.00 63537492773843664.00 57586568362053512.00 49752091875356976.00 53239416244673048.00 52460968957828072.00 56278427902413552.00 48360180912948088.00 
58267778515085016.00 63523540533294464.00 56573453005850048.00 48523297526803392.00 61082780484414808.00 52607206143077360.00 54282915829154952.00 46495262073572936.00 55823283345597752.00 63126258199487488.00 56261535180089800.00 49110355338784376.00 52223510404204840.00 51665284956432408.00 49008050177516768.00 44229044011385616.00 61264405045627560.00 61711827371051296.00 62088303024690288.00 50126874727711736.00 
55028979938482440.00 52555366133173912.00 49057851602371240.00 47986098896067248.00 60365174994912376.00 60896627605831616.00 58753421248584464.00 52098213973364592.00 54081839666061600.00 55584995174349480.00 52814319136955312.00 45399548438385664.00 57607327498951072.00 65088117309835736.00 61000341366618200.00 49953147559562304.00 55725684662654448.00 51218955509511656.00 52857002099395656.00 46237449180420824.00 
57219840541541048.00 61772358513402104.00 60707776116543344.00 49243425076801776.00 51564119028545848.00 53900597922021456.00 49312212441619680.00 46600224418177680.00 57565585930809536.00 60565509020490920.00 57729915261533520.00 47478764550668472.00 58325519218154256.00 55278601630022776.00 51606331462338776.00 45674572722494408.00 61594431089178472.00 61276281850654048.00 61126386505133000.00 50945901997393072.00 
53184564528764624.00 48773961022212232.00 57203781452641488.00 43636724761643640.00 58731243499080400.00 63658121266582328.00 61439544452097912.00 53048106381979464.00 60002893082087472.00 54962566760124776.00 56449000945053216.00 47087344571939792.00 59077678768780472.00 64155133273910160.00 62465425300773344.00 49721437372686288.00 55430379521185536.00 52452653108922176.00 51205721645914640.00 43707697380060048.00 
60254007089121360.00 59245699435684272.00 59274000007014232.00 54649108781148672.00 60065597033107224.00 56250017830409008.00 51838160874571088.00 47917587050772968.00 62146819213619272.00 69421772524164288.00 56090553128390736.00 51274599406791712.00 54200946247753288.00 49470772850600192.00 53134425260943352.00 46486180295842056.00 60925733684006224.00 64212735437890040.00 59975692610408544.00 51737972878428920.00 
54684889612755768.00 55887071975960640.00 54896212284092312.00 44638864622774064.00 60767089810013104.00 62270439908988280.00 60135141477633120.00 50582958191208296.00 54629722674645088.00 52187689454024592.00 51989839356388120.00 45164121747260104.00 61569286240719232.00 62027655745911256.00 59805807537769304.00 52680710672777552.00 57110445733429992.00 53060794062601536.00 53677455205143288.00 47635933729867344.00 
63174644950380184.00 65645423024602720.00 62055677645500704.00 48641655730894128.00 59819833802134696.00 53481648469428176.00 52667016500444632.00 44438124031060232.00 62682689792812976.00 64049703729494864.00 64468733158780856.00 51130955206838376.00 60261645634569576.00 55765174738210520.00 54666657394982648.00 46894279694860800.00 59306384534837616.00 69494677535160120.00 60804911771594224.00 50870279543184792.00 
51559863691972216.00 52119524924630224.00 50619553081599696.00 43816460205046216.00 58693039570221192.00 63391892439163904.00 62207883063018152.00 53373312909717560.00 60551903324903224.00 56629006503111800.00 53479410871799984.00 46233618155202344.00 59325314482707568.00 68776760009161456.00 65692384505633744.00 52478381684644056.00 53776026162051360.00 53398354563056224.00 56089941581885544.00 48141544664089400.00 
61912308936836608.00 64537396813573160.00 61439536750987328.00 53301137676636552.00 61131933056748576.00 52802688749331504.00 56350862800623304.00 45309834585023328.00 62416860311607224.00 69919725585055592.00 60407759861377616.00 52672843654168832.00 53708237762698648.00 54645665120115872.00 58665489893058944.00 47167511610624008.00 64566296685597808.00 61866346533680360.00 65530087007101576.00 54050389382750840.00 
59321565845384840.00 56395480561421936.00 55288177239965408.00 44987961990203080.00 61803165427826768.00 64862321581740520.00 63140702882569544.00 52546468230092280.00 54609823892619704.00 53970782201081744.00 59345575346246784.00 48816435616753608.00 61505985256333896.00 66755361268040088.00 60445689632775248.00 53038869538052600.00 58445260426408112.00 57430871959795336.00 58136218508749720.00 44956291449937688.00 
62143500716225488.00 66491458332269656.00 64943084613647880.00 47506353751799720.00 56507157605390456.00 50963114193801104.00 55122137072849912.00 45629216015181232.00 61470419541120824.00 64126047439645408.00 66407497511940504.00 54488148632089680.00 63746641674854528.00 57153085092720464.00 56955680909040432.00 47893413243115440.00 62896171066936632.00 68603028269047024.00 62595597579186336.00 55746814484870760.00 
59874273402485840.00 55187630075147752.00 55279268263682376.00 48200404061542912.00 69931541970754736.00 67294868838051592.00 64307910951698888.00 53449328769298992.00 54995684976763576.00 57108631443237568.00 57823474699153800.00 48498288062377664.00 61725105282423584.00 68167935295155112.00 65313521663963320.00 54473041947810312.00 54155503875863496.00 55527706600843920.00 56731271673371664.00 49908133940150608.00 
66437760102918280.00 64921355501522312.00 64361682985843624.00 51101475426504848.00 59125621361990744.00 55115706308247192.00 55167324401476328.00 47482223268766944.00 61420220111989720.00 67366372607378384.00 65027615029678904.00 55214110164889040.00 60070130124059832.00 54987960314665160.00 57579040214640744.00 45832285165038048.00 62038188778523040.00 65277106497558152.00 62616750484979544.00 55009820555766048.00 
60863088592847848.00 59499223945554080.00 55521441259076184.00 49463266642995856.00 63857890596835176.00 69614437940254472.00 67232848714900464.00 53393783855050752.00 55429840073045296.00 53244042961223224.00 58519387248434632.00 48704396508963240.00 62292273970157136.00 67783434346615872.00 67690111074588288.00 58154028187498592.00 61708147794932304.00 55115720716195616.00 60142603348712992.00 52936007522876984.00 
66147474586650664.00 71134069476998360.00 65226912088645864.00 56029912723497896.00 59939784981214616.00 57008651071154136.00 56643299890273104.00 47933233986219856.00 65375380446945480.00 66212143045375688.00 67659905829712680.00 58902819404693600.00 61903396159856752.00 55497495873690024.00 58863103742073800.00 46054282935013848.00 63966847642741256.00 65694474929736304.00 62319709464407552.00 53355402265538456.00 
55668993315377920.00 56160623983454752.00 55655023958093048.00 47883035542674312.00 63741892812766248.00 64431004101018384.00 64206422506099872.00 56680393515964128.00 62886313054498888.00 57927917900014648.00 56677270149679920.00 51375866850611456.00 64539735932011160.00 70289786520336136.00 63544776901594752.00 52676516375490712.00 60922366506131160.00 58802356010438520.00 57606891782855696.00 52183883201144504.00 
64235132661629392.00 72515401282802896.00 64842160796460840.00 56886161963427344.00 56694213073364696.00 60601442577390664.00 58509509703368568.00 51539055102286304.00 70278545490771312.00 74713320123791584.00 63620117799281040.00 54218309614872840.00 54513492647007144.00 56543699777131056.00 58262066172048000.00 51525107108694088.00 64990868949670344.00 67092370466991768.00 65208207513962952.00 59470226344169200.00 
62364001096277880.00 62180357902922112.00 56744551402389328.00 50712027543002616.00 64005923915167736.00 69702236303314312.00 70070964292909904.00 55999365233007576.00 58149084120920664.00 55590697493485408.00 55140892894065744.00 47564562732595904.00 65472390618318568.00 68920766896747640.00 66298463657017768.00 56930679716088904.00 61520202144672136.00 59020370532988200.00 63200541732517768.00 46293981762829944.00 
66623693391476568.00 70613216734353632.00 64625225851128608.00 59737104599227832.00 58988076472629080.00 57173285877446808.00 57635746426457768.00 49976471510966840.00 63166593097459280.00 72340972155137088.00 67841044067166184.00 58786353383561304.00 60709807587811792.00 56332877399267184.00 58863901841382392.00 47470887890759936.00 65085978864255736.00 76870856080061248.00 68335408548596736.00 52947980045519288.00 
55131992175284408.00 55872112306326440.00 58040682950269392.00 49356363013467728.00 65045885901177336.00 69272131505499104.00 66396567162857256.00 53422605135249752.00 65915422187955664.00 59060610733925008.00 61811917503326680.00 52988054024590320.00 68418459892478648.00 68638931716995320.00 68162429091473600.00 52234452851696544.00 58965784481596448.00 53415835721280432.00 60690300035263616.00 51168478959837088.00 
66961897287925088.00 67632879913842040.00 69251235738836408.00 58881162160931016.00 67379100887002416.00 56826097670555432.00 59521478918973184.00 51203717634489944.00 65964772955702816.00 71754562669470784.00 64882884283782464.00 57881049443461192.00 60402193480379056.00 61932233351485616.00 60346084455155248.00 54174827664436584.00 68923710158389376.00 69351686239394128.00 65172677375110512.00 57018602024058936.00 
63142912403778112.00 62867606119361696.00 63542597856944376.00 51120573100273248.00 65168586027184768.00 72781270292653104.00 69153917234080488.00 55939213167741528.00 59058281835247968.00 56233676264411320.00 56089169809455896.00 49377204935467688.00 66554152832019392.00 74372800981204800.00 61961831915604248.00 57554578995938712.00 63893347053880856.00 64081113374151296.00 59769849509130176.00 54073117800636320.00 
69629349750256312.00 76541738835819360.00 66209748633348616.00 56389523358121728.00 60949772769528640.00 57894214282160088.00 58071303674628208.00 52388728577772640.00 66525878095701952.00 69742532259137856.00 66162945812039712.00 58020467098435304.00 63397719467458160.00 57570116690693768.00 61588711896464304.00 50578449168729336.00 70539584311615312.00 72185103857427248.00 66717770391956392.00 56659960824975792.00 
62571576962482016.00 57522790898198560.00 57782327844893776.00 50022161267710160.00 68985478296431864.00 69302181640021448.00 68532627541940808.00 60094670463802992.00 63774712569611016.00 63667167620555616.00 58068588098460640.00 53626005394818720.00 69155151639186584.00 74232644577783216.00 72562517386243344.00 58231395883072960.00 56751686979963464.00 60018503957252752.00 60287164174535608.00 51476126333517240.00 
64145964469544344.00 71094609531010232.00 66455265955356944.00 59726118610272192.00 64643061521294256.00 60867361646101104.00 60836970910896208.00 52378547119274608.00 71078047486645656.00 73429573486008336.00 69389518816235096.00 56320121869949400.00 62219836050119560.00 59299925591349200.00 62873411582528256.00 55584138385407136.00 66948743264884448.00 74541342235546544.00 66061206568672720.00 60178792380003352.00 
64747700878371320.00 60201775387926064.00 60719647223432752.00 50064648518046880.00 68437718145573136.00 75563222958518128.00 68373598391226024.00 59238259510501960.00 64687323710278720.00 58138437913169624.00 61444354108046256.00 50268878581002768.00 68685294947990072.00 76259460023585184.00 66538915661980080.00 58840289394833320.00 65997428219722368.00 63746136622764528.00 63397493254888360.00 53352556222426832.00 
71705549546113896.00 76151856567675280.00 68886390785369760.00 65819995392621792.00 63704462964855712.00 65802049069530392.00 57396299344890344.00 52502114595095424.00 70731676118728592.00 74417848320861808.00 71543043567648912.00 60553171786623888.00 63982125723327528.00 66058255148908400.00 62794631125098376.00 57393141494361688.00 69479475441059704.00 73679732405781408.00 72637738739063184.00 59353827947789672.00 
62528113835155912.00 59921185760571248.00 62810314959805016.00 51221141320338024.00 66169215089237368.00 76157062767887808.00 68291679129422992.00 59104067799117656.00 64764050546108600.00 62959581394152136.00 61214938457427520.00 52974640830694336.00 67364643264681520.00 71277027485953504.00 68694493679688152.00 60040552161718512.00 57855954481373712.00 62948379182535536.00 63589673610276544.00 53350173968032088.00 
70577310138908536.00 79214153844457536.00 71289244528210752.00 61987550923461096.00 69491840613935080.00 66287732591013008.00 59422402804562288.00 52756975416449464.00 70081156599513624.00 76989307076097584.00 69717113676939032.00 62366152218071960.00 61550321079255024.00 55571629260853712.00 62662528453406296.00 50149344354859792.00 69679583979596064.00 73993021102209552.00 67129614351141760.00 60685093925719888.00 
65769284126326792.00 62863541082049632.00 64820804878858792.00 50805373767291280.00 70148119515193272.00 76911310609309568.00 73203205260338432.00 64193272509005088.00 65431373151951200.00 63927603811557480.00 59547367087448440.00 56424829278717536.00 74556964975322896.00 80414338871792928.00 67478461571313488.00 60733871233374544.00 66182721699856912.00 67544198733261736.00 62316433883801240.00 56555111592588216.00 
72393057935918256.00 74934282731070704.00 73080957494151568.00 62138758126635376.00 64833873557794008.00 65829953334661168.00 61134972583647080.00 53284077724827816.00 70925545241044136.00 74553382726059680.00 71117802653839320.00 62367284465556192.00 64686003427261720.00 66946641289758008.00 66938628665885240.00 52330896114167264.00 70282716266648760.00 72276466726111008.00 71191096742546968.00 58028143352927416.00 
66645063790965624.00 58963748828733848.00 66829459299990176.00 52680377982992464.00 70512768464048872.00 74205803521016464.00 72770480180963184.00 63079846982827432.00 69468599434051504.00 65998815260488992.00 67130067007400712.00 53909418816043712.00 68616110238116136.00 80535741003218848.00 74351424985151232.00 61017904193793440.00 60501255960857736.00 58349305946898984.00 60031382315313192.00 52569103263035384.00 
66582709021126360.00 80020848962144384.00 68291368028766584.00 62056631881656384.00 65300559763234688.00 64121426305540216.00 63092124580868472.00 53398428939030336.00 69343113892702288.00 76348706502108576.00 72341556143104496.00 56598046972054456.00 63856325938641320.00 62758023511006784.00 58247517517388192.00 54973812134591624.00 71689615744989216.00 72665713743231616.00 75763709923734464.00 60673459339817024.00 
67685552589061768.00 68511593501929072.00 66906469815744304.00 55619564976580000.00 75909388714555872.00 79260087183317488.00 71879270846604456.00 61321451962780744.00 64393721544390456.00 60611223158410256.00 64105409238445184.00 53957363532341288.00 73048919026002976.00 77761229707025824.00 74382335578457408.00 65653046757240040.00 70277501319770608.00 62997745356899112.00 62554383429917904.00 56076045923277896.00 
73747655238465600.00 78744117405318128.00 71567533663987048.00 61310706689661704.00 64859272517095336.00 63746322103132616.00 63424965850015960.00 54865194211236152.00 73792771005537360.00 80026620748636320.00 71420945357998840.00 64955160893340976.00 71053982974698872.00 66015821904826000.00 66998142776814944.00 56744623101916568.00 79164246483652688.00 75470750044094400.00 74768901558483344.00 61926892617299728.00 
66763841084655880.00 63012249145265432.00 64951091657951952.00 56279884272609440.00 73090731864468976.00 80886216667477568.00 73182295532970448.00 62389982261091096.00 68647625057362584.00 69508694549385136.00 64613369101485280.00 58224755596467384.00 74168201936347616.00 77489177561604272.00 74973977949387696.00 64113550395599640.00 62162160946074352.00 60764866929944040.00 60646668036408656.00 49828974793159232.00 
70216937087068912.00 77580302310086416.00 77250279203505088.00 64560102224481512.00 72489006596922592.00 61748165679060904.00 65048216086679120.00 59417764095665008.00 74405712268128272.00 80945464212477424.00 77499447990951616.00 61022569669481608.00 65428332108070472.00 64722115666991864.00 70023423695252328.00 56157544505843680.00 72610731631635808.00 78147281884022736.00 69145014087047048.00 63564097070415712.00 
69396484378675800.00 66524413402895736.00 66063141052022552.00 54771874359183512.00 69810999564488240.00 78340033130470064.00 74398422805696496.00 64530830540493224.00 64149285220269736.00 58859344519601392.00 65922278638771984.00 60916582774802152.00 75911494183217216.00 78702085790754048.00 71822706865533696.00 65164120901019976.00 65851803242287760.00 67344131343953408.00 63454913665709752.00 55688422238417704.00 
72024035043180992.00 80527791859698320.00 77003443735801392.00 59376808899087608.00 69851031022814944.00 62602297310122144.00 62997069556458184.00 58093834251297088.00 75742698209238688.00 79936007223132576.00 77276176385697808.00 60439256521816976.00 71371863355958208.00 63239986299390552.00 63452102794277000.00 52798150765733928.00 74773296284417904.00 77035126554081152.00 76677377150117888.00 62728465867414776.00 
66046282767348712.00 65863424634515000.00 65456418955811928.00 55021355560867696.00 71756217325054496.00 75868429401530064.00 75017549098806576.00 69176789371905568.00 75651341297839264.00 66322293153529384.00 63565033885927624.00 54578438675063880.00 74875126628122528.00 79177580071951504.00 77650867437834016.00 62727591454228376.00 70064834951200864.00 63804419426812624.00 67674544666019200.00 60593427543886176.00 
75836625292659568.00 79989046712453296.00 74635910278949248.00 69916900496352104.00 69065039156530904.00 66454594760926016.00 68894705025546168.00 57917073980077000.00 74658757314528752.00 81792469794865472.00 80809793662649008.00 64833341966510288.00 64702950260523840.00 62856386185482112.00 67667124458663736.00 57558313919513088.00 75852615367603872.00 78326832446752176.00 76790188935660256.00 63454286795201080.00 
67419036709838176.00 63287135941283232.00 64565958235543256.00 59180492333385480.00 75810854688450704.00 79853005989559536.00 76831524302334160.00 68439103557498712.00 70391376308224016.00 65021154564777880.00 69864864152984872.00 56010778887832008.00 73754084305401552.00 81426742473603664.00 76390534465960240.00 64736998099340304.00 72155872480228016.00 74519146410592672.00 69234656148255344.00 63326660360132720.00 
75669213024550864.00 83156675956692000.00 76968574648110016.00 62257681864995240.00 65452645265541360.00 63655512872110248.00 74752577012668944.00 59692510881273352.00 79987397961612784.00 76188104381220528.00 74354771394382544.00 66649015385596112.00 71765141868656440.00 69301497750020200.00 70832119382089144.00 59376526504162376.00 75406972029237248.00 86154508773592688.00 79063704830827040.00 67335133463532600.00 
65243579340570080.00 66110974237444664.00 67840093122861360.00 60369403870543376.00 75045682157757216.00 81729703790294672.00 73780098360497904.00 65053172219648664.00 70954400242573552.00 67921733717306984.00 67692121856263168.00 58015139724001968.00 76015619478798672.00 74960757859820368.00 78002422367905936.00 65797472191642184.00 66168390363697360.00 63553372313493264.00 65755152831750248.00 59354369547238392.00 
76700378548216880.00 82767399379611552.00 74371733720503056.00 64013554905389560.00 74943809970236160.00 74241631576877472.00 68800708929706640.00 56890597429412688.00 81724564007274544.00 85223303073148160.00 76357848601268784.00 63231323412131464.00 67817196313552024.00 66389917134912312.00 70056986683144680.00 58961433508500456.00 75170844351497568.00 82549045046484480.00 77817647441632176.00 70470902200376208.00 
73188929776659408.00 74552149865302544.00 69775799583911976.00 62949389374766280.00 80859251531668480.00 83303185786973760.00 76271687200179984.00 63587845442913800.00 70480771451263256.00 68028421094803088.00 67803346566786488.00 54054362174332096.00 74212178955290560.00 78962018569026960.00 74110066796893440.00 68293728735268016.00 73708840812996512.00 76866827711718704.00 72801890262653280.00 57636695367172936.00 
80164904324189216.00 85997611808542688.00 82442991901437328.00 66643458028834904.00 70786754700737872.00 65303242520755832.00 70929962193081712.00 56515125723367896.00 74614641578603280.00 80732736120071568.00 78566629388787440.00 67302840373703632.00 71059886150227120.00 69888564466035120.00 73654529096312128.00 62292226012675152.00 81513730617638912.00 80712355850265440.00 84727610610658640.00 66306849127628152.00 
76014204808819648.00 66028576587645232.00 68568817249720832.00 57179168005024728.00 78352068397461152.00 84607170599519520.00 76143543062683328.00 72614066427003328.00 75573944151097536.00 72624079491985120.00 70771831520844984.00 63308370967475568.00 77930900976237088.00 82249797921462464.00 78120999049928160.00 61072986768681376.00 72274628475382160.00 66458779874847528.00 69898000814389952.00 58682874652089360.00 
74587507728428272.00 81494356669591552.00 75938706409063040.00 67217866644774112.00 75252063093017536.00 67911615075651664.00 70501516287707520.00 59522772825786632.00 80112313387130384.00 86065983624570096.00 80218340251153184.00 67549523451960616.00 68787747903762504.00 75088513048448304.00 68921607315014616.00 61533545024608552.00 83252227492314256.00 78437699844621424.00 77410308036623904.00 69392239354497840.00 
74745102550655696.00 74476843892212736.00 63967983417920696.00 64711744006135912.00 79890806554645424.00 85937704537924912.00 77775747014741168.00 62182128171360504.00 76813015792518928.00 61354266764238712.00 73235463240389152.00 60164476695147472.00 84169805388379824.00 83585469245630912.00 81286349004765392.00 68102003129230992.00 71502252567286120.00 69784898650915560.00 68814763042536896.00 60494219222567856.00 
83540853789771392.00 83212081140175584.00 79133330251182544.00 72742983658480944.00 72981548963318288.00 69463246359751960.00 70445135368935424.00 65253250695112184.00 80254882075007936.00 86903071752906224.00 77265948654100496.00 69494074250431232.00 72335695758715136.00 71231652933380680.00 72996563287694400.00 61461033572280536.00 78814393858694032.00 87102346088629792.00 77386038990587232.00 73197475519497664.00 
72564982154796992.00 71524952683803328.00 72740628514580928.00 62434259815429424.00 78206511741915648.00 83800166573142224.00 80503412681330448.00 69754973491773896.00 73064739391228800.00 70733153655508120.00 68952360140960040.00 61066266192517968.00 80116628100993152.00 85536175681699568.00 77363503119524192.00 68242508178922480.00 69381383265025848.00 74798763470032368.00 70757358146593360.00 58716618749680320.00 
78236465662506800.00 82928797132034992.00 82064771065583280.00 70213429412048424.00 80820269701059712.00 72178844589082560.00 72667342944386256.00 60573990050768576.00 80976786133005920.00 89523594221684912.00 83738793625290272.00 74358183674665920.00 70785958210703408.00 73410049578517488.00 70810033868153320.00 59823252233100592.00 84486368965138544.00 83545541774531920.00 77543618652142080.00 70217779972765144.00 
83595707464613728.00 72827456153380144.00 74897724057104000.00 61891811524859288.00 80087289282429712.00 85119249983306496.00 80925768418790784.00 69784859840382496.00 72446440237913296.00 70041831450781624.00 74212839149765520.00 58490986607335672.00 80858972984613808.00 86643537244642880.00 82713007264441504.00 74834162175776208.00 75607927281421024.00 76082307622001504.00 70916358477864824.00 63408136974377008.00 
83511319711165856.00 87508231922228016.00 82061086186658016.00 67309663553106424.00 72833133803257248.00 68025646462155120.00 73947044881515488.00 59973024096107552.00 82373340218069936.00 84043700207828768.00 80164914193992512.00 71899377609880696.00 75852579399236352.00 68854114881387088.00 73891985868228496.00 62858419516259800.00 82490367188096224.00 83328763334100560.00 78336890812187072.00 70494061673753464.00 
72064832233366672.00 67799179280171048.00 68770566781538360.00 61722753062348776.00 78940677432139040.00 88261886083271728.00 82512597961171296.00 70050413700039960.00 71558077679558840.00 75425169347637584.00 75370302707514112.00 63343223158698648.00 80494040377394592.00 92529822596576720.00 82455026377104928.00 67788966342233784.00 69321653831204976.00 74984041711099296.00 67955171946016488.00 60244248455406712.00 
80095561961945376.00 85578334371458208.00 75767384028293264.00 64767240895168384.00 76077537775552544.00 79952672531634208.00 71559219374206688.00 62994179031010288.00 85737852449441856.00 90178644204952832.00 79806534672357136.00 66709193125782328.00 75118478665466784.00 71368050271264112.00 76782661748199776.00 61701545177988456.00 84347677924373504.00 84997059524585072.00 78810549959436912.00 81990132323001616.00 
76340143621864720.00 72497448392733104.00 68381905987008144.00 63792489531739120.00 81771453649437728.00 89090067658015648.00 85964199896258144.00 68954684272442648.00 76526761206850176.00 69760761585183280.00 75132624226906208.00 61887497768178544.00 83359214353319072.00 86259590547771008.00 81569919528818992.00 72647729221588704.00 79764701287554304.00 72028198700473560.00 72630852630402656.00 60886617928149920.00 
80005464174782816.00 85423791811192624.00 85150382297209728.00 65883638085845656.00 70648593673546848.00 68279461888516000.00 68475109112488400.00 63156513544984568.00 85268279878810400.00 85973544431259888.00 80603862662985744.00 72401646612729392.00 74372398308346704.00 75692804136253872.00 73646454977293808.00 62190564764621384.00 81364532750115088.00 87862943601463440.00 89807526692506256.00 66539356626149920.00 
75843307310650592.00 77316127954737264.00 80138873081497440.00 64012357384647200.00 84683312667041008.00 87480244517810224.00 82899580507223552.00 73167052564305488.00 81899491577221856.00 76570697035466128.00 75066390185476672.00 63242900323727936.00 87344573397487808.00 89100949553308720.00 84728796293303728.00 70883552372067984.00 79456094476375456.00 72285755986793184.00 77777542764295744.00 62423007270229216.00 
83851741877613392.00 90600065124503296.00 90453828736642080.00 76731750787448432.00 83074066159041808.00 80140187757127792.00 83451974591895744.00 68407260705365344.00 91556120415604080.00 96595274411204784.00 95471261436616448.00 77335220415980032.00 82352050476507088.00 78699779233781072.00 87741321209042736.00 75869415347904064.00 109494819502538272.00 115050721097623536.00 106592584195031520.00 
