89327344590038.88 
178654689180077.75 267982033770116.41 357309378360155.50 446636722950193.38 535964067540232.81 625291412130272.25 714618756720311.00 803946101310350.00 893273445900386.75 982600790490427.12 1071928135080465.62 1161255479670501.75 1250582824260544.50 1339910168850583.50 1429237513440622.00 1518564858030660.00 1607892202620700.00 1697219547210738.00 1786546891800773.50 1875874236390814.00 
1965201580980854.25 2054528925570892.25 2143856270160931.25 2233183614750968.75 2322510959341003.50 2411838303931053.00 2501165648521089.00 2590492993111124.00 2679820337701167.00 2769147682291202.00 2858475026881244.00 2947802371471285.00 3037129716061320.00 3126457060651357.00 3215784405241400.00 3305111749831436.00 3394439094421476.00 3483766439011510.50 3573093783601547.00 3662421128191592.50 
3751748472781628.00 3841075817371678.00 3930403161961708.50 4019730506551744.50 4109057851141784.50 4198385195731811.00 4287712540321862.50 4377039884911906.00 4466367229501937.50 4555694574091969.00 4645021918682007.00 4734349263272056.00 4823676607862106.00 4913003952452135.00 5002331297042178.00 5091658641632211.00 5180985986222248.00 5270313330812285.00 5359640675402334.00 5448968019992370.00 
5538295364582404.00 5627622709172439.00 5716950053762488.00 5806277398352523.00 5895604742942570.00 5984932087532599.00 6074259432122640.00 6163586776712671.00 6252914121302714.00 6342241465892765.00 6431568810482800.00 6520896155072827.00 6610223499662872.00 6699550844252910.00 6788878188842952.00 6878205533432983.00 6967532878023021.00 7056860222613068.00 7146187567203094.00 7235514911793138.00 
7324842256383185.00 7414169600973232.00 7503496945563256.00 7592824290153290.00 7682151634743356.00 7771478979333367.00 7860806323923417.00 7950133668513464.00 8039461013103489.00 8128788357693547.00 8218115702283569.00 8307443046873617.00 8396770391463622.00 8486097736053683.00 8575425080643725.00 8664752425233762.00 8754079769823812.00 8843407114413848.00 8932734459003875.00 9022061803593922.00 
9111389148183938.00 9200716492774006.00 9290043837364014.00 9379371181954092.00 9468698526544112.00 9558025871134160.00 9647353215724212.00 9736680560314228.00 9826007904904270.00 9915335249494308.00 10004662594084356.00 10093989938674382.00 10183317283264422.00 10272644627854462.00 10361971972444496.00 10451299317034564.00 10540626661624570.00 10629954006214604.00 10719281350804668.00 10808608695394696.00 
10897936039984740.00 10987263384574774.00 11076590729164808.00 11165918073754834.00 11255245418344878.00 11344572762934910.00 11433900107524976.00 11523227452114988.00 11612554796705046.00 11701882141295090.00 11791209485885140.00 11880536830475148.00 11969864175065198.00 12059191519655248.00 12148518864245280.00 12237846208835320.00 12327173553425342.00 12416500898015414.00 12505828242605428.00 12595155587195484.00 
12684482931785530.00 12773810276375566.00 12863137620965600.00 12952464965555612.00 13041792310145654.00 13131119654735706.00 13220446999325744.00 13309774343915764.00 13399101688505820.00 13488429033095864.00 13577756377685904.00 13667083722275950.00 13756411066865966.00 13845738411456036.00 13935065756046042.00 14024393100636078.00 14113720445226136.00 14203047789816156.00 14292375134406188.00 14381702478996270.00 
14471029823586276.00 14560357168176346.00 14649684512766370.00 14739011857356380.00 14828339201946464.00 14917666546536468.00 15006993891126512.00 15096321235716552.00 15185648580306580.00 15274975924896644.00 15364303269486712.00 15453630614076714.00 15542957958666734.00 15632285303256818.00 15721612647846834.00 15810939992436876.00 15900267337026928.00 15989594681616900.00 16078922026206978.00 16168249370797026.00 
16257576715387094.00 16346904059977100.00 16436231404567138.00 16525558749157186.00 16614886093747234.00 16704213438337264.00 16793540782927244.00 16882868127517312.00 16972195472107366.00 17061522816697398.00 17150850161287450.00 17240177505877482.00 17329504850467524.00 17418832195057526.00 17508159539647624.00 17597486884237666.00 17686814228827696.00 17776141573417750.00 17865468918007750.00 17954796262597786.00 
18044123607187844.00 18133450951777864.00 18222778296367876.00 18312105640957948.00 18401432985548012.00 18490760330138056.00 18580087674728028.00 18669415019318100.00 18758742363908184.00 18848069708498184.00 18937397053088224.00 19026724397678252.00 19116051742268320.00 19205379086858320.00 19294706431448424.00 19384033776038424.00 19473361120628456.00 19562688465218488.00 19652015809808540.00 19741343154398572.00 
19830670498988616.00 19919997843578656.00 20009325188168712.00 20098652532758696.00 20187979877348764.00 20277307221938796.00 20366634566528844.00 20455961911118860.00 20545289255708924.00 20634616600298984.00 20723943944888992.00 20813271289479092.00 20902598634069128.00 20991925978659104.00 21081253323249140.00 21170580667839220.00 21259908012429208.00 21349235357019312.00 21438562701609336.00 21527890046199336.00 
21617217390789392.00 21706544735379492.00 21795872079969480.00 21885199424559452.00 21974526769149548.00 22063854113739580.00 22153181458329616.00 22242508802919680.00 22331836147509668.00 22421163492099764.00 22510490836689756.00 22599818181279868.00 22689145525869820.00 22778472870459896.00 22867800215049952.00 22957127559639940.00 23046454904229976.00 23135782248820016.00 23225109593410092.00 23314436938000128.00 
23403764282590180.00 23493091627180208.00 23582418971770280.00 23671746316360288.00 23761073660950296.00 23850401005540368.00 23939728350130396.00 24029055694720436.00 24118383039310496.00 24207710383900480.00 24297037728490560.00 24386365073080532.00 24475692417670640.00 24565019762260648.00 24654347106850684.00 24743674451440800.00 24833001796030828.00 24922329140620836.00 25011656485210856.00 25100983829800928.00 
25190311174390968.00 25279638518980980.00 25368965863571060.00 25458293208161044.00 25547620552751132.00 25636947897341116.00 25726275241931200.00 25815602586521164.00 25904929931111224.00 25994257275701276.00 26083584620291308.00 26172911964881292.00 26262239309471412.00 26351566654061368.00 26440893998651488.00 26530221343241484.00 26619548687831528.00 26708876032421548.00 26798203377011640.00 26887530721601692.00 
26976858066191728.00 27066185410781756.00 27155512755371808.00 27244840099961884.00 27334167444551900.00 27423494789141924.00 27512822133731932.00 27602149478321956.00 27691476822912072.00 27780804167502044.00 27870131512092084.00 27959458856682128.00 28048786201272156.00 28138113545862184.00 28227440890452272.00 28316768235042296.00 28406095579632312.00 28495422924222372.00 28584750268812376.00 28674077613402464.00 
28763404957992540.00 28852732302582544.00 28942059647172552.00 29031386991762624.00 29120714336352692.00 29210041680942660.00 29299369025532740.00 29388696370122740.00 29478023714712760.00 29567351059302832.00 29656678403892928.00 29746005748482940.00 29835333093072936.00 29924660437662964.00 30013987782253024.00 30103315126843048.00 30192642471433104.00 30281969816023140.00 30371297160613160.00 30460624505203292.00 
30549951849793284.00 30639279194383292.00 30728606538973424.00 30817933883563400.00 30907261228153428.00 30996588572743460.00 31085915917333468.00 31175243261923512.00 31264570606513636.00 31353897951103652.00 31443225295693668.00 31532552640283764.00 31621879984873752.00 31711207329463740.00 31800534674053856.00 31889862018643812.00 31979189363233800.00 32068516707823940.00 32157844052413956.00 32247171397003988.00 
32336498741594052.00 32425826086184144.00 32515153430774188.00 32604480775364168.00 32693808119954200.00 32783135464544204.00 32872462809134276.00 32961790153724308.00 33051117498314372.00 33140444842904380.00 33229772187494468.00 33319099532084476.00 33408426876674528.00 33497754221264512.00 33587081565854488.00 33676408910444680.00 33765736255034624.00 33855063599624716.00 33944390944214732.00 34033718288804796.00 
34123045633394796.00 34212372977984812.00 34301700322574900.00 34391027667164940.00 34480355011754964.00 34569682356345028.00 34659009700935048.00 34748337045525048.00 34837664390115052.00 34926991734705148.00 35016319079295248.00 35105646423885264.00 35194973768475332.00 35284301113065300.00 35373628457655392.00 35462955802245412.00 35552283146835500.00 35641610491425524.00 35730937836015500.00 35820265180605496.00 
35909592525195572.00 35998919869785564.00 36088247214375688.00 36177574558965784.00 36266901903555728.00 36356229248145800.00 36445556592735752.00 36534883937325872.00 36624211281915896.00 36713538626506016.00 36802865971096024.00 36892193315686056.00 36981520660276112.00 37070848004866080.00 37160175349456056.00 37249502694046176.00 37338830038636200.00 37428157383226224.00 37517484727816368.00 37606812072406272.00 
37696139416996368.00 37785466761586408.00 37874794106176448.00 37964121450766512.00 38053448795356504.00 38142776139946552.00 38232103484536640.00 38321430829126568.00 38410758173716640.00 38500085518306680.00 38589412862896848.00 38678740207486784.00 38768067552076848.00 38857394896666896.00 38946722241256912.00 39036049585846952.00 39125376930436976.00 39214704275027016.00 39304031619617080.00 39393358964207112.00 
39482686308797144.00 39572013653387200.00 39661340997977232.00 39750668342567296.00 39839995687157312.00 39929323031747320.00 40018650376337424.00 40107977720927392.00 40197305065517392.00 40286632410107568.00 40375959754697528.00 40465287099287496.00 40554614443877592.00 40643941788467648.00 40733269133057688.00 40822596477647744.00 40911923822237720.00 41001251166827800.00 41090578511417848.00 41179905856007928.00 
41269233200597968.00 41358560545187960.00 41447887889777984.00 41537215234367976.00 41626542578958184.00 41715869923548144.00 41805197268138256.00 41894524612728248.00 41983851957318208.00 42073179301908320.00 42162506646498280.00 42251833991088392.00 42341161335678440.00 42430488680268456.00 42519816024858416.00 42609143369448544.00 42698470714038624.00 42787798058628624.00 42877125403218672.00 42966452747808720.00 
43055780092398672.00 43145107436988720.00 43234434781578784.00 43323762126168832.00 43413089470758984.00 43502416815348928.00 43591744159938960.00 43681071504529040.00 43770398849118904.00 43859726193709040.00 43949053538299096.00 44038380882889128.00 44127708227479160.00 44217035572069224.00 44306362916659232.00 44395690261249320.00 44485017605839360.00 44574344950429328.00 44663672295019336.00 44752999639609392.00 
44842326984199528.00 44931654328789520.00 45020981673379512.00 45110309017969536.00 45199636362559736.00 45288963707149736.00 45378291051739640.00 45467618396329824.00 45556945740919792.00 45646273085509856.00 45735600430099904.00 45824927774689824.00 45914255119279880.00 46003582463870032.00 46092909808459952.00 46182237153050136.00 46271564497640032.00 46360891842230120.00 46450219186820184.00 46539546531410272.00 
46628873876000256.00 46718201220590240.00 46807528565180360.00 46896855909770360.00 46986183254360416.00 47075510598950384.00 47164837943540560.00 47254165288130496.00 47343492632720576.00 47432819977310560.00 47522147321900592.00 47611474666490648.00 47700802011080736.00 47790129355670784.00 47879456700260792.00 47968784044850840.00 48058111389440872.00 48147438734030936.00 48236766078620992.00 48326093423210960.00 
48415420767800960.00 48504748112391032.00 48594075456981120.00 48683402801571096.00 48772730146161064.00 48862057490751176.00 48951384835341280.00 49040712179931384.00 49130039524521296.00 49219366869111296.00 49308694213701368.00 49398021558291392.00 49487348902881600.00 49576676247471480.00 49666003592061656.00 49755330936651672.00 49844658281241680.00 49933985625831736.00 50023312970421712.00 50112640315011848.00 
50201967659601856.00 50291295004191904.00 50380622348781936.00 50469949693371784.00 50559277037961960.00 50648604382551888.00 50737931727142120.00 50827259071732120.00 50916586416322088.00 51005913760912168.00 51095241105502264.00 51184568450092320.00 51273895794682232.00 51363223139272376.00 51452550483862400.00 51541877828452384.00 51631205173042328.00 51720532517632464.00 51809859862222448.00 51899187206812464.00 
51988514551402552.00 52077841895992640.00 52167169240582616.00 52256496585172696.00 52345823929762584.00 52435151274352752.00 52524478618942824.00 52613805963532760.00 52703133308122736.00 52792460652712944.00 52881787997302976.00 52971115341892960.00 53060442686482968.00 53149770031073016.00 53239097375663056.00 53328424720253184.00 53417752064843096.00 53507079409433160.00 53596406754023280.00 53685734098613344.00 
53775061443203384.00 53864388787793304.00 53953716132383456.00 54043043476973376.00 54132370821563512.00 54221698166153536.00 54311025510743616.00 54400352855333552.00 54489680199923768.00 54579007544513728.00 54668334889103800.00 54757662233693784.00 54846989578283848.00 54936316922873848.00 55025644267463864.00 55114971612053912.00 55204298956643912.00 55293626301233968.00 55382953645824144.00 55472280990414032.00 
55561608335004088.00 55650935679594080.00 55740263024184168.00 55829590368774120.00 55918917713364256.00 56008245057954344.00 56097572402544312.00 56186899747134344.00 56276227091724368.00 56365554436314504.00 56454881780904544.00 56544209125494584.00 56633536470084592.00 56722863814674728.00 56812191159264624.00 56901518503854760.00 56990845848444744.00 57080173193034744.00 57169500537624752.00 57258827882214784.00 
57348155226804928.00 57437482571394904.00 57526809915985080.00 57616137260575048.00 57705464605165088.00 57794791949755048.00 57884119294345104.00 57973446638935152.00 58062773983525248.00 58152101328115136.00 58241428672705384.00 58330756017295384.00 58420083361885320.00 58509410706475312.00 58598738051065480.00 58688065395655448.00 58777392740245480.00 58866720084835448.00 58956047429425520.00 59045374774015576.00 
59134702118605664.00 59224029463195800.00 59313356807785856.00 59402684152375744.00 59492011496965880.00 59581338841555912.00 59670666186145872.00 59759993530736072.00 59849320875325928.00 59938648219916040.00 60027975564506048.00 60117302909096152.00 60206630253686096.00 60295957598276296.00 60385284942866208.00 60474612287456168.00 60563939632046280.00 60653266976636312.00 60742594321226320.00 60831921665816568.00 
60921249010406584.00 61010576354996480.00 61099903699586568.00 61189231044176568.00 61278558388766584.00 61367885733356656.00 61457213077946848.00 61546540422536776.00 61635867767126800.00 61725195111716864.00 61814522456306856.00 61903849800896880.00 61993177145486920.00 62082504490077072.00 62171831834666936.00 62261159179257064.00 62350486523847024.00 62439813868437128.00 62529141213027272.00 62618468557617264.00 
62707795902207304.00 62797123246797120.00 62886450591387336.00 62975777935977336.00 63065105280567528.00 63154432625157416.00 63243759969747504.00 63333087314337528.00 63422414658927480.00 63511742003517480.00 63601069348107712.00 63690396692697680.00 63779724037287624.00 63869051381877776.00 63958378726467600.00 64047706071057712.00 64137033415647880.00 64226360760237992.00 64315688104827912.00 64405015449417832.00 
64494342794007976.00 64583670138598024.00 64672997483188104.00 64762324827778040.00 64851652172368272.00 64940979516958184.00 65030306861548376.00 65119634206138312.00 65208961550728336.00 65298288895318440.00 65387616239908400.00 65476943584498440.00 65566270929088408.00 65655598273678544.00 65744925618268552.00 65834252962858632.00 65923580307448616.00 66012907652038672.00 66102234996628744.00 66191562341218696.00 
66280889685808760.00 66370217030398832.00 66459544374988936.00 66548871719578952.00 66638199064168952.00 66727526408759008.00 66816853753349056.00 66906181097939104.00 66995508442529024.00 67084835787119200.00 67174163131708976.00 67263490476299184.00 67352817820889360.00 67442145165479320.00 67531472510069248.00 67620799854659328.00 67710127199249432.00 67799454543839424.00 67888781888429464.00 67978109233019552.00 
68067436577609592.00 68156763922199584.00 68246091266789592.00 68335418611379688.00 68424745955969624.00 68514073300559776.00 68603400645149800.00 68692727989739896.00 68782055334329880.00 68871382678919976.00 68960710023509928.00 69050037368100000.00 69139364712690056.00 69228692057280120.00 69318019401870096.00 69407346746460152.00 69496674091050096.00 69586001435640192.00 69675328780230104.00 69764656124820288.00 
69853983469410296.00 69943310814000312.00 70032638158590496.00 70121965503180640.00 70211292847770528.00 70300620192360456.00 70389947536950664.00 70479274881540576.00 70568602226130600.00 70657929570720768.00 70747256915310784.00 70836584259900760.00 70925911604490824.00 71015238949080840.00 71104566293671000.00 71193893638260848.00 71283220982851048.00 71372548327440984.00 71461875672031000.00 71551203016621152.00 
71640530361210992.00 71729857705801192.00 71819185050391144.00 71908512394981256.00 71997839739571128.00 72087167084161248.00 72176494428751376.00 72265821773341296.00 72355149117931568.00 72444476462521408.00 72533803807111456.00 72623131151701552.00 72712458496291600.00 72801785840881648.00 72891113185471504.00 72980440530061760.00 73069767874651744.00 73159095219241680.00 73248422563831792.00 73337749908421824.00 
73427077253012032.00 73516404597602016.00 73605731942192048.00 73695059286782128.00 73784386631372112.00 73873713975962144.00 73963041320552224.00 74052368665142160.00 74141696009732160.00 74231023354322304.00 74320350698912112.00 74409678043502112.00 74499005388092352.00 74588332732682368.00 74677660077272400.00 74766987421862480.00 74856314766452448.00 74945642111042480.00 75034969455632736.00 75124296800222608.00 
75213624144812544.00 75302951489402560.00 75392278833992736.00 75481606178582768.00 75570933523172816.00 75660260867762784.00 75749588212352896.00 75838915556942912.00 75928242901533024.00 76017570246122992.00 76106897590713008.00 76196224935303072.00 76285552279893104.00 76374879624483072.00 76464206969073280.00 76553534313663200.00 76642861658253136.00 76732189002843328.00 76821516347433280.00 76910843692023312.00 
77000171036613360.00 77089498381203456.00 77178825725793696.00 77268153070383504.00 77357480414973568.00 77446807759563632.00 77536135104153696.00 77625462448743728.00 77714789793333792.00 77804117137923776.00 77893444482513824.00 77982771827104000.00 78072099171693904.00 78161426516283824.00 78250753860873952.00 78340081205463808.00 78429408550054032.00 78518735894644160.00 78608063239234160.00 78697390583824192.00 
78786717928414224.00 78876045273004416.00 78965372617594288.00 79054699962184464.00 79144027306774400.00 79233354651364352.00 79322681995954464.00 79412009340544384.00 79501336685134592.00 79590664029724576.00 79679991374314624.00 79769318718904704.00 79858646063494640.00 79947973408084832.00 80037300752674848.00 80126628097265040.00 80215955441854784.00 80305282786444848.00 80394610131034784.00 80483937475624832.00 
80573264820215136.00 80662592164804912.00 80751919509395056.00 80841246853985024.00 80930574198574992.00 81019901543165248.00 81109228887755184.00 81198556232345184.00 81287883576935296.00 81377210921525424.00 81466538266115376.00 81555865610705536.00 81645192955295488.00 81734520299885632.00 81823847644475440.00 81913174989065488.00 82002502333655600.00 82091829678245664.00 82181157022835696.00 82270484367425904.00 
82359811712015856.00 82449139056605824.00 82538466401195936.00 82627793745785920.00 82717121090375920.00 82806448434965920.00 82895775779555968.00 82985103124146064.00 83074430468735952.00 83163757813326176.00 83253085157916368.00 83342412502506048.00 83431739847096288.00 83521067191686272.00 83610394536276512.00 83699721880866368.00 83789049225456496.00 83878376570046560.00 83967703914636416.00 84057031259226528.00 
84146358603816640.00 84235685948406576.00 84325013292996560.00 84414340637586672.00 84503667982176784.00 84592995326766832.00 84682322671356880.00 84771650015946640.00 84860977360536912.00 84950304705126864.00 85039632049716832.00 85128959394306928.00 85218286738897088.00 85307614083486912.00 85396941428077248.00 85486268772667200.00 85575596117257248.00 85664923461846928.00 85754250806437344.00 85843578151027168.00 
85932905495617440.00 86022232840207440.00 86111560184797344.00 86200887529387408.00 86290214873977440.00 86379542218567600.00 86468869563157568.00 86558196907747648.00 86647524252337664.00 86736851596927520.00 86826178941517968.00 86915506286107712.00 87004833630697856.00 87094160975287840.00 87183488319877920.00 87272815664467680.00 87362143009058080.00 87451470353647872.00 87540797698237808.00 87630125042828160.00 
87719452387418080.00 87808779732008160.00 87898107076598192.00 87987434421188256.00 88076761765778256.00 88166089110368384.00 88255416454958320.00 88344743799548272.00 88434071144138448.00 88523398488728432.00 88612725833318464.00 88702053177908416.00 88791380522498640.00 88880707867088416.00 88970035211678720.00 89059362556268736.00 89148689900858656.00 89238017245448672.00 89327344590038672.00 89416671934628944.00 
89505999279218784.00 89595326623809040.00 89684653968399056.00 89773981312989088.00 89863308657579040.00 89952636002169104.00 90041963346759024.00 90131290691349248.00 90220618035939072.00 90309945380529296.00 90399272725119472.00 90488600069709168.00 90577927414299472.00 90667254758889424.00 90756582103479280.00 90845909448069376.00 90935236792659648.00 91024564137249664.00 91113891481839584.00 91203218826429600.00 
91292546171019712.00 91381873515609616.00 91471200860199808.00 91560528204789760.00 91649855549379648.00 91739182893969920.00 91828510238559760.00 91917837583150032.00 92007164927740064.00 92096492272330000.00 92185819616919904.00 92275146961510240.00 92364474306100272.00 92453801650690064.00 92543128995280064.00 92632456339870224.00 92721783684460240.00 92811111029050368.00 92900438373640368.00 92989765718230416.00 
93079093062820544.00 93168420407410384.00 93257747752000512.00 93347075096590576.00 93436402441180480.00 93525729785770560.00 93615057130360720.00 93704384474950784.00 93793711819540720.00 93883039164130832.00 93972366508720832.00 94061693853311056.00 94151021197900768.00 94240348542490880.00 94329675887081120.00 94419003231671104.00 94508330576260992.00 94597657920851216.00 94686985265441152.00 94776312610031008.00 
94865639954621120.00 94954967299211328.00 95044294643801184.00 95133621988391200.00 95222949332981296.00 95312276677571568.00 95401604022161472.00 95490931366751504.00 95580258711341552.00 95669586055931632.00 95758913400521584.00 95848240745111600.00 95937568089701680.00 96026895434291648.00 96116222778881744.00 96205550123471824.00 96294877468061872.00 96384204812651840.00 96473532157241984.00 96562859501832064.00 
96652186846421920.00 96741514191011888.00 96830841535601920.00 96920168880191984.00 97009496224782064.00 97098823569372064.00 97188150913962240.00 97277478258552272.00 97366805603142192.00 97456132947732352.00 97545460292322128.00 97634787636912336.00 97724114981502352.00 97813442326092560.00 97902769670682560.00 97992097015272128.00 98081424359862768.00 98170751704452544.00 98260079049042592.00 98349406393632752.00 
98438733738222592.00 98528061082812848.00 98617388427402736.00 98706715771992752.00 98796043116582784.00 98885370461173008.00 98974697805763200.00 99064025150352784.00 99153352494942960.00 99242679839532880.00 99332007184123312.00 99421334528713312.00 99510661873303312.00 99599989217893248.00 99689316562483360.00 99778643907073312.00 99867971251663472.00 99957298596253216.00 100046625940843424.00 100135953285433536.00 
100225280630023696.00 100314607974613664.00 100403935319203712.00 100493262663793744.00 100582590008383808.00 100671917352973920.00 100761244697563872.00 100850572042153840.00 100939899386743568.00 101029226731333888.00 101118554075923920.00 101207881420513792.00 101297208765103744.00 101386536109694032.00 101475863454284240.00 101565190798874192.00 101654518143464240.00 101743845488054128.00 101833172832644176.00 101922500177234272.00 
102011827521824336.00 102101154866414224.00 102190482211004528.00 102279809555594416.00 102369136900184640.00 102458464244774720.00 102547791589364464.00 102637118933954672.00 102726446278544752.00 102815773623134768.00 102905100967724800.00 102994428312314784.00 103083755656904768.00 103173083001494736.00 103262410346084656.00 103351737690675040.00 103441065035264928.00 103530392379855008.00 103619719724444896.00 103709047069035040.00 
103798374413624928.00 103887701758215072.00 103977029102805104.00 104066356447395152.00 104155683791985280.00 104245011136575328.00 104334338481165232.00 104423665825755632.00 104512993170345392.00 104602320514935296.00 104691647859525168.00 104780975204115472.00 104870302548705504.00 104959629893295520.00 105048957237885648.00 105138284582475584.00 105227611927065520.00 105316939271655904.00 105406266616245472.00 105495593960835728.00 
105584921305425888.00 105674248650016224.00 105763575994605952.00 105852903339196096.00 105942230683785920.00 106031558028375952.00 106120885372965936.00 106210212717555952.00 106299540062146032.00 106388867406736256.00 106478194751326112.00 106567522095916368.00 106656849440506368.00 106746176785096432.00 106835504129686192.00 106924831474276464.00 107014158818866320.00 107103486163456336.00 107192813508046560.00 107282140852636624.00 
107371468197226688.00 107460795541816704.00 107550122886406768.00 107639450230996768.00 107728777575586608.00 107818104920176736.00 107907432264766912.00 107996759609357072.00 108086086953946752.00 108175414298536992.00 108264741643127024.00 108354068987717008.00 108443396332307072.00 108532723676897216.00 108622051021487232.00 108711378366077328.00 108800705710667104.00 108890033055257232.00 108979360399847536.00 109068687744437376.00 
109158015089027456.00 109247342433617504.00 109336669778207600.00 109425997122797520.00 109515324467387568.00 109604651811977536.00 109693979156567696.00 109783306501157664.00 109872633845747696.00 109961961190337728.00 110051288534927728.00 110140615879517792.00 110229943224107824.00 110319270568697808.00 110408597913287824.00 110497925257877904.00 110587252602467936.00 110676579947058000.00 110765907291648288.00 110855234636238384.00 
110944561980828064.00 111033889325418384.00 111123216670008176.00 111212544014598368.00 111301871359188160.00 111391198703778336.00 111480526048368336.00 111569853392958464.00 111659180737548240.00 111748508082138480.00 111837835426728512.00 111927162771318576.00 112016490115908688.00 112105817460498608.00 112195144805088624.00 112284472149678800.00 112373799494268688.00 112463126838858832.00 112552454183448736.00 112641781528039072.00 
112731108872629008.00 112820436217219008.00 112909763561809088.00 112999090906399200.00 113088418250989168.00 113177745595578944.00 113267072940169184.00 113356400284759232.00 113445727629349456.00 113535054973939296.00 113624382318529248.00 113713709663119360.00 113803037007709504.00 113892364352299440.00 113981691696889488.00 114071019041479488.00 114160346386069488.00 114249673730659568.00 114339001075249504.00 114428328419839584.00 
114517655764429568.00 114606983109019728.00 114696310453609856.00 114785637798199776.00 114874965142789808.00 114964292487379824.00 115053619831970160.00 115142947176560336.00 115232274521150096.00 115321601865740160.00 115410929210330176.00 115500256554920032.00 115589583899510096.00 115678911244100384.00 115768238588690208.00 115857565933280464.00 115946893277870304.00 116036220622460384.00 116125547967050496.00 116214875311640528.00 
116304202656230272.00 116393530000820208.00 116482857345410768.00 116572184690000576.00 116661512034590768.00 116750839379180784.00 116840166723770640.00 116929494068360768.00 117018821412950624.00 117108148757540768.00 117197476102130960.00 117286803446721248.00 117376130791310896.00 117465458135901120.00 117554785480490960.00 117644112825080896.00 117733440169670896.00 117822767514260992.00 117912094858851040.00 118001422203440928.00 
118090749548031152.00 118180076892621248.00 118269404237211328.00 118358731581801360.00 118448058926391600.00 118537386270981632.00 118626713615571712.00 118716040960161744.00 118805368304751488.00 118894695649341536.00 118984022993931760.00 119073350338521696.00 119162677683111824.00 119252005027701776.00 119341332372291744.00 119430659716881904.00 119519987061472144.00 119609314406061952.00 119698641750651856.00 119787969095241872.00 
119877296439832080.00 119966623784422240.00 120055951129012096.00 120145278473602192.00 120234605818192304.00 120323933162782192.00 120413260507372192.00 120502587851962144.00 120591915196552592.00 120681242541142368.00 120770569885732416.00 120859897230322592.00 120949224574912336.00 121038551919502688.00 121127879264092560.00 121217206608682608.00 121306533953272624.00 121395861297862704.00 121485188642452640.00 121574515987042848.00 
121663843331633136.00 121753170676222912.00 121842498020813168.00 121931825365403184.00 122021152709992960.00 122110480054583024.00 122199807399173136.00 122289134743762944.00 122378462088353136.00 122467789432943136.00 122557116777533168.00 122646444122123328.00 122735771466713312.00 122825098811302960.00 122914426155893696.00 123003753500483504.00 123093080845073552.00 123182408189663520.00 123271735534253600.00 123361062878843520.00 
123450390223433728.00 123539717568023664.00 123629044912613712.00 123718372257203648.00 123807699601793760.00 123897026946383712.00 123986354290973840.00 124075681635564096.00 124165008980154144.00 124254336324744176.00 124343663669333872.00 124432991013924304.00 124522318358514128.00 124611645703104240.00 124700973047694048.00 124790300392284160.00 124879627736874256.00 124968955081464448.00 125058282426054544.00 125147609770644336.00 
125236937115234528.00 125326264459824304.00 125415591804414608.00 125504919149004704.00 125594246493594240.00 125683573838184400.00 125772901182774672.00 125862228527364528.00 125951555871954672.00 126040883216545008.00 126130210561135056.00 126219537905724880.00 126308865250314832.00 126398192594905024.00 126487519939495008.00 126576847284085024.00 126666174628675056.00 126755501973265184.00 126844829317854960.00 126934156662445136.00 
127023484007034960.00 127112811351625184.00 127202138696215424.00 127291466040805360.00 127380793385395360.00 127470120729985584.00 127559448074575248.00 127648775419165392.00 127738102763755552.00 127827430108345424.00 127916757452935200.00 128006084797525664.00 128095412142115424.00 128184739486705728.00 128274066831295760.00 128363394175885696.00 128452721520475984.00 128542048865065872.00 128631376209655824.00 128720703554246016.00 
128810030898835664.00 128899358243426256.00 128988685588015952.00 129078012932606256.00 129167340277196048.00 129256667621785984.00 129345994966376208.00 129435322310966112.00 129524649655556080.00 129613977000146160.00 129703304344736544.00 129792631689326160.00 129881959033916368.00 129971286378506496.00 130060613723096752.00 130149941067686320.00 130239268412276624.00 130328595756866432.00 130417923101456672.00 130507250446046656.00 
130596577790636880.00 130685905135226656.00 130775232479816800.00 130864559824406752.00 130953887168996880.00 131043214513586944.00 131132541858176816.00 131221869202767216.00 131311196547357088.00 131400523891947072.00 131489851236537104.00 131579178581126912.00 131668505925717264.00 131757833270307296.00 131847160614897232.00 131936487959487584.00 132025815304077344.00 132115142648667264.00 132204469993257488.00 132293797337847376.00 
132383124682437392.00 132472452027027584.00 132561779371617520.00 132651106716207552.00 132740434060797664.00 132829761405387680.00 132919088749977872.00 133008416094568096.00 133097743439157904.00 133187070783747760.00 133276398128337904.00 133365725472927984.00 133455052817518016.00 133544380162108048.00 133633707506698112.00 133723034851288176.00 133812362195878208.00 133901689540468080.00 133991016885058048.00 134080344229648224.00 
134169671574238400.00 134258998918828272.00 134348326263417952.00 134437653608008400.00 134526980952598368.00 134616308297188368.00 134705635641778720.00 134794962986368544.00 134884290330958640.00 134973617675548768.00 135062945020138496.00 135152272364728880.00 135241599709318656.00 135330927053908608.00 135420254398498864.00 135509581743088848.00 135598909087678848.00 135688236432268896.00 135777563776858928.00 135866891121449056.00 
135956218466039104.00 136045545810629024.00 136134873155219184.00 136224200499809392.00 136313527844399168.00 136402855188989184.00 136492182533579184.00 136581509878169472.00 136670837222759376.00 136760164567349312.00 136849491911939248.00 136938819256529504.00 137028146601119552.00 137117473945709648.00 137206801290299600.00 137296128634889680.00 137385455979479792.00 137474783324069840.00 137564110668659760.00 137653438013250032.00 
137742765357839952.00 137832092702429984.00 137921420047019856.00 138010747391609888.00 138100074736200000.00 138189402080790272.00 138278729425380112.00 138368056769970368.00 138457384114560240.00 138546711459150160.00 138636038803740192.00 138725366148330480.00 138814693492920304.00 138904020837510576.00 138993348182100192.00 139082675526690544.00 139172002871280384.00 139261330215870704.00 139350657560460208.00 139439984905050832.00 
139529312249640576.00 139618639594230720.00 139707966938820592.00 139797294283410912.00 139886621628000624.00 139975948972590720.00 140065276317180992.00 140154603661771152.00 140243931006361312.00 140333258350950992.00 140422585695541056.00 140511913040130928.00 140601240384720912.00 140690567729310784.00 140779895073901328.00 140869222418490800.00 140958549763081152.00 141047877107671216.00 141137204452261200.00 141226531796851248.00 
141315859141441536.00 141405186486031488.00 141494513830621568.00 141583841175211696.00 141673168519801520.00 141762495864391552.00 141851823208981648.00 141941150553571552.00 142030477898161680.00 142119805242751760.00 142209132587342000.00 142298459931931872.00 142387787276521696.00 142477114621111808.00 142566441965702096.00 142655769310291776.00 142745096654881968.00 142834423999472224.00 142923751344062000.00 143013078688652144.00 
143102406033242304.00 143191733377832224.00 143281060722421984.00 143370388067012384.00 143459715411602384.00 143549042756192400.00 143638370100782288.00 143727697445372384.00 143817024789962512.00 143906352134552496.00 143995679479142256.00 144085006823732784.00 144174334168322496.00 144263661512912640.00 144352988857502752.00 144442316202092672.00 144531643546682592.00 144620970891272800.00 144710298235863136.00 144799625580452800.00 
144888952925042816.00 144978280269632832.00 145067607614222912.00 145156934958813376.00 145246262303403104.00 145335589647992928.00 145424916992583200.00 145514244337172960.00 145603571681763296.00 145692899026353440.00 145782226370943008.00 145871553715533440.00 145960881060123520.00 146050208404713440.00 146139535749303488.00 146228863093893536.00 146318190438483360.00 146407517783073792.00 146496845127663584.00 146586172472253536.00 
146675499816843648.00 146764827161434080.00 146854154506024064.00 146943481850613952.00 147032809195204032.00 147122136539793920.00 147211463884384096.00 147300791228973984.00 147390118573564256.00 147479445918154016.00 147568773262744224.00 147658100607334336.00 147747427951924288.00 147836755296514304.00 147926082641104448.00 148015409985694272.00 148104737330284320.00 148194064674874528.00 148283392019464320.00 148372719364054400.00 
148462046708644608.00 148551374053234624.00 148640701397824224.00 148730028742414880.00 148819356087004224.00 148908683431594720.00 148998010776184704.00 149087338120774752.00 149176665465364736.00 149265992809954848.00 149355320154544800.00 149444647499134880.00 149533974843724960.00 149623302188314944.00 149712629532904896.00 149801956877495296.00 149891284222084960.00 149980611566675040.00 150069938911265472.00 150159266255855104.00 
150248593600445216.00 150337920945035232.00 150427248289625088.00 150516575634215424.00 150605902978805120.00 150695230323395520.00 150784557667985472.00 150873885012575456.00 150963212357165536.00 151052539701755744.00 151141867046345632.00 151231194390935552.00 151320521735525568.00 151409849080115584.00 151499176424705792.00 151588503769295936.00 151677831113885824.00 151767158458475680.00 151856485803066048.00 151945813147656032.00 
152035140492245984.00 152124467836835936.00 152213795181426016.00 152303122526016096.00 152392449870606144.00 152481777215196096.00 152571104559786208.00 152660431904376544.00 152749759248966144.00 152839086593556448.00 152928413938146560.00 153017741282736608.00 153107068627326400.00 153196395971916608.00 153285723316506272.00 153375050661096544.00 153464378005686656.00 153553705350276576.00 153643032694866560.00 153732360039456768.00 
153821687384046624.00 153911014728636800.00 154000342073226720.00 154089669417816864.00 154178996762406912.00 154268324106996896.00 154357651451587392.00 154446978796177120.00 154536306140767008.00 154625633485357184.00 154714960829947136.00 154804288174537472.00 154893615519127264.00 154982942863717216.00 155072270208307392.00 155161597552897536.00 155250924897487456.00 155340252242077344.00 155429579586667584.00 155518906931257152.00 
155608234275847552.00 155697561620437728.00 155786888965027648.00 155876216309618112.00 155965543654208032.00 156054870998798080.00 156144198343387808.00 156233525687977856.00 156322853032567648.00 156412180377157760.00 156501507721747904.00 156590835066338208.00 156680162410927616.00 156769489755517728.00 156858817100108064.00 156948144444697920.00 157037471789288320.00 157126799133878016.00 157216126478468320.00 157305453823058048.00 
157394781167648384.00 157484108512238304.00 157573435856828448.00 157662763201418432.00 157752090546008832.00 157841417890598848.00 157930745235188576.00 158020072579778528.00 158109399924368928.00 158198727268958592.00 158288054613548800.00 158377381958138560.00 158466709302728704.00 158556036647319072.00 158645363991908928.00 158734691336498944.00 158824018681088768.00 158913346025678784.00 159002673370269184.00 159092000714859168.00 
159181328059449152.00 159270655404039232.00 159359982748629248.00 159449310093219232.00 159538637437809408.00 159627964782399232.00 159717292126989280.00 159806619471579648.00 159895946816169664.00 159985274160759520.00 160074601505349696.00 160163928849939296.00 160253256194530080.00 160342583539119680.00 160431910883709568.00 160521238228299744.00 160610565572889696.00 160699892917479840.00 160789220262069568.00 160878547606659904.00 
160967874951249664.00 161057202295840064.00 161146529640430272.00 161235856985019840.00 161325184329609824.00 161414511674200000.00 161503839018790112.00 161593166363380320.00 161682493707970048.00 161771821052560096.00 161861148397149984.00 161950475741740224.00 162039803086330496.00 162129130430920256.00 162218457775510368.00 162307785120100608.00 162397112464690368.00 162486439809280288.00 162575767153870592.00 162665094498460640.00 
162754421843050848.00 162843749187640544.00 162933076532230752.00 163022403876820576.00 163111731221411072.00 163201058566000800.00 163290385910590976.00 163379713255181120.00 163469040599771264.00 163558367944361216.00 163647695288950880.00 163737022633540960.00 163826349978130976.00 163915677322721280.00 164005004667311200.00 164094332011901472.00 164183659356491328.00 164272986701081376.00 164362314045671392.00 164451641390261504.00 
164540968734851808.00 164630296079441312.00 164719623424031712.00 164808950768621568.00 164898278113211648.00 164987605457801984.00 165076932802391872.00 165166260146981888.00 165255587491571840.00 165344914836161792.00 165434242180751840.00 165523569525342016.00 165612896869931840.00 165702224214521632.00 165791551559111936.00 165880878903701792.00 165970206248292128.00 166059533592882112.00 166148860937471904.00 166238188282062528.00 
166327515626652352.00 166416842971242272.00 166506170315832736.00 166595497660422464.00 166684825005012096.00 166774152349602368.00 166863479694192576.00 166952807038782624.00 167042134383372544.00 167131461727962464.00 167220789072553024.00 167310116417142848.00 167399443761732736.00 167488771106322496.00 167578098450912992.00 167667425795503168.00 167756753140093120.00 167846080484682624.00 167935407829272832.00 168024735173863040.00 
168114062518453056.00 168203389863043424.00 168292717207633280.00 168382044552223264.00 168471371896813152.00 168560699241403104.00 168650026585993088.00 168739353930583424.00 168828681275173344.00 168918008619763104.00 169007335964353568.00 169096663308943360.00 169185990653533664.00 169275317998123744.00 169364645342713760.00 169453972687303680.00 169543300031893280.00 169632627376483904.00 169721954721073824.00 169811282065663968.00 
169900609410253728.00 169989936754843808.00 170079264099433664.00 170168591444023584.00 170257918788613856.00 170347246133203808.00 170436573477794176.00 170525900822384288.00 170615228166973824.00 170704555511564096.00 170793882856154496.00 170883210200744640.00 170972537545334400.00 171061864889924032.00 171151192234514496.00 171240519579104832.00 171329846923693856.00 171419174268284256.00 171508501612874688.00 171597828957464416.00 
171687156302054336.00 171776483646644576.00 171865810991234880.00 171955138335824704.00 172044465680414880.00 172133793025004576.00 172223120369594688.00 172312447714184704.00 172401775058774816.00 172491102403365056.00 172580429747954880.00 172669757092545056.00 172759084437135200.00 172848411781724896.00 172937739126315136.00 173027066470905504.00 173116393815495296.00 173205721160085344.00 173295048504675328.00 173384375849265312.00 
173473703193855040.00 173563030538445536.00 173652357883035936.00 173741685227625504.00 173831012572215424.00 173920339916805824.00 174009667261395712.00 174098994605985472.00 174188321950575680.00 174277649295165888.00 174366976639755840.00 174456303984345824.00 174545631328935392.00 174634958673525856.00 174724286018116160.00 174813613362706208.00 174902940707295744.00 174992268051885888.00 175081595396475616.00 175170922741065952.00 
175260250085656320.00 175349577430245920.00 175438904774836160.00 175528232119426272.00 175617559464016320.00 175706886808606592.00 175796214153196384.00 175885541497786208.00 175974868842376512.00 176064196186966656.00 176153523531556512.00 176242850876146368.00 176332178220736768.00 176421505565326496.00 176510832909916640.00 176600160254506976.00 176689487599096544.00 176778814943687136.00 176868142288276896.00 176957469632866720.00 
177046796977456864.00 177136124322046880.00 177225451666636928.00 177314779011226976.00 177404106355816832.00 177493433700406624.00 177582761044997280.00 177672088389587232.00 177761415734176832.00 177850743078767392.00 177940070423357440.00 178029397767947104.00 178118725112537472.00 178208052457127456.00 178297379801717312.00 178386707146307616.00 178476034490897344.00 178565361835487648.00 178654689180077344.00 178744016524667520.00 
178833343869257888.00 178922671213847680.00 179011998558437568.00 179101325903027968.00 179190653247618080.00 179279980592208032.00 179369307936798112.00 179458635281388032.00 179547962625978176.00 179637289970568160.00 179726617315158080.00 179815944659747776.00 179905272004338208.00 179994599348928032.00 180083926693518048.00 180173254038107968.00 180262581382698496.00 180351908727288128.00 180441236071878144.00 180530563416468448.00 
180619890761058592.00 180709218105648704.00 180798545450238944.00 180887872794828448.00 180977200139418336.00 181066527484009120.00 181155854828598944.00 181245182173188736.00 181334509517778848.00 181423836862368320.00 181513164206958560.00 181602491551548864.00 181691818896138752.00 181781146240729312.00 181870473585319296.00 181959800929908800.00 182049128274499328.00 182138455619088800.00 182227782963679136.00 182317110308268960.00 
182406437652859200.00 182495764997449184.00 182585092342039424.00 182674419686629056.00 182763747031219232.00 182853074375809184.00 182942401720399616.00 183031729064989632.00 183121056409579520.00 183210383754169632.00 183299711098759296.00 183389038443349216.00 183478365787939840.00 183567693132529536.00 183657020477119520.00 183746347821709792.00 183835675166300064.00 183925002510889760.00 184014329855480128.00 184103657200069984.00 
184192984544660000.00 184282311889249856.00 184371639233839808.00 184460966578430176.00 184550293923020480.00 184639621267610048.00 184728948612200544.00 184818275956790496.00 184907603301380128.00 184996930645970336.00 185086257990560128.00 185175585335150272.00 185264912679740448.00 185354240024330368.00 185443567368920480.00 185532894713510720.00 185622222058100736.00 185711549402690656.00 185800876747280736.00 185890204091870592.00 
185979531436460832.00 186068858781050944.00 186158186125641088.00 186247513470230560.00 186336840814820768.00 186426168159410752.00 186515495504000992.00 186604822848590912.00 186694150193181152.00 186783477537770944.00 186872804882360960.00 186962132226951232.00 187051459571541120.00 187140786916131616.00 187230114260721440.00 187319441605311424.00 187408768949901568.00 187498096294491744.00 187587423639081440.00 187676750983671744.00 
187766078328261664.00 187855405672851552.00 187944733017441664.00 188034060362031648.00 188123387706622112.00 188212715051211840.00 188302042395801536.00 188391369740391648.00 188480697084981760.00 188570024429571680.00 188659351774162240.00 188748679118751744.00 188838006463342208.00 188927333807931776.00 189016661152521984.00 189105988497112096.00 189195315841702432.00 189284643186291904.00 189373970530882304.00 189463297875472544.00 
189552625220062016.00 189641952564652224.00 189731279909242240.00 189820607253832256.00 189909934598422656.00 189999261943012480.00 190088589287602368.00 190177916632192928.00 190267243976782400.00 190356571321372544.00 190445898665962592.00 190535226010552896.00 190624553355143136.00 190713880699732576.00 190803208044322944.00 190892535388912800.00 190981862733503008.00 191071190078092832.00 191160517422683104.00 191249844767273184.00 
191339172111863264.00 191428499456453152.00 191517826801043168.00 191607154145633248.00 191696481490223200.00 191785808834812992.00 191875136179403360.00 191964463523993728.00 192053790868583296.00 192143118213173216.00 192232445557763488.00 192321772902353728.00 192411100246943648.00 192500427591533920.00 192589754936123744.00 192679082280713248.00 192768409625303680.00 192857736969893664.00 192947064314483968.00 193036391659074048.00 
193125719003664128.00 193215046348254304.00 193304373692843840.00 193393701037434048.00 193483028382023776.00 193572355726614112.00 193661683071203840.00 193751010415794016.00 193840337760383968.00 193929665104974336.00 194018992449564128.00 194108319794154304.00 194197647138744128.00 194286974483334208.00 194376301827924480.00 194465629172514720.00 194554956517104544.00 194644283861694688.00 194733611206284384.00 194822938550874528.00 
194912265895464704.00 195001593240054560.00 195090920584644192.00 195180247929234368.00 195269575273824672.00 195358902618414656.00 195448229963004704.00 195537557307594816.00 195626884652185088.00 195716211996775616.00 195805539341365120.00 195894866685954784.00 195984194030544256.00 196073521375135072.00 196162848719725536.00 196252176064315168.00 196341503408905088.00 196430830753495424.00 196520158098085184.00 196609485442675872.00 
196698812787265504.00 196788140131855456.00 196877467476445184.00 196966794821035584.00 197056122165625696.00 197145449510215392.00 197234776854805472.00 197324104199395744.00 197413431543985504.00 197502758888575680.00 197592086233165568.00 197681413577755296.00 197770740922346016.00 197860068266935904.00 197949395611526400.00 198038722956115744.00 198128050300705568.00 198217377645295776.00 198306704989885888.00 198396032334475840.00 
198485359679065760.00 198574687023656544.00 198664014368246624.00 198753341712836480.00 198842669057426624.00 198931996402016320.00 199021323746606624.00 199110651091196864.00 199199978435786496.00 199289305780376512.00 199378633124966720.00 199467960469556736.00 199557287814146624.00 199646615158736608.00 199735942503326944.00 199825269847916832.00 199914597192506432.00 200003924537096960.00 200093251881686848.00 200182579226277024.00 
200271906570867072.00 200361233915456928.00 200450561260047392.00 200539888604637024.00 200629215949227328.00 200718543293817344.00 200807870638407424.00 200897197982997344.00 200986525327587488.00 201075852672177216.00 201165180016767616.00 201254507361357216.00 201343834705947840.00 201433162050537408.00 201522489395127744.00 201611816739717408.00 201701144084307680.00 201790471428897760.00 201879798773487136.00 201969126118077792.00 
202058453462667776.00 202147780807257888.00 202237108151847840.00 202326435496438048.00 202415762841027584.00 202505090185617984.00 202594417530207488.00 202683744874798432.00 202773072219388064.00 202862399563978016.00 202951726908568480.00 203041054253158464.00 203130381597748384.00 203219708942338464.00 203309036286928480.00 203398363631518496.00 203487690976108256.00 203577018320698656.00 203666345665288352.00 203755673009878528.00 
203845000354468544.00 203934327699058464.00 204023655043648672.00 204112982388238880.00 204202309732828448.00 204291637077419040.00 204380964422009056.00 204470291766598560.00 204559619111188832.00 204648946455778688.00 204738273800369280.00 204827601144958944.00 204916928489549440.00 205006255834139168.00 205095583178728928.00 205184910523319200.00 205274237867909344.00 205363565212499136.00 205452892557089504.00 205542219901679232.00 
205631547246269536.00 205720874590859232.00 205810201935449600.00 205899529280039552.00 205988856624629568.00 206078183969219904.00 206167511313809536.00 206256838658399680.00 206346166002989472.00 206435493347579936.00 206524820692169312.00 206614148036759936.00 206703475381350080.00 206792802725939584.00 206882130070529856.00 206971457415120160.00 207060784759710016.00 207150112104300224.00 207239439448889792.00 207328766793480160.00 
207418094138070080.00 207507421482660160.00 207596748827249856.00 207686076171840192.00 207775403516430144.00 207864730861020480.00 207954058205610208.00 208043385550199968.00 208132712894790304.00 208222040239380864.00 208311367583970560.00 208400694928560160.00 208490022273150656.00 208579349617740864.00 208668676962330464.00 208758004306920576.00 208847331651511264.00 208936658996100640.00 209025986340690784.00 209115313685280480.00 
209204641029870592.00 209293968374460800.00 209383295719050336.00 209472623063641120.00 209561950408230912.00 209651277752821024.00 209740605097411008.00 209829932442001184.00 209919259786591040.00 210008587131181824.00 210097914475771296.00 210187241820361344.00 210276569164951168.00 210365896509540928.00 210455223854131040.00 210544551198721504.00 210633878543311808.00 210723205887901312.00 210812533232490944.00 210901860577081472.00 
210991187921671456.00 211080515266261696.00 211169842610851776.00 211259169955442048.00 211348497300032448.00 211437824644621664.00 211527151989211904.00 211616479333801728.00 211705806678392192.00 211795134022982464.00 211884461367571840.00 211973788712162080.00 212063116056751904.00 212152443401342144.00 212241770745931872.00 212331098090521856.00 212420425435111904.00 212509752779702464.00 212599080124292064.00 212688407468882080.00 
212777734813472512.00 212867062158062560.00 212956389502652256.00 213045716847242432.00 213135044191832736.00 213224371536422272.00 213313698881012736.00 213403026225602976.00 213492353570192864.00 213581680914782752.00 213671008259372384.00 213760335603963104.00 213849662948552928.00 213938990293142496.00 214028317637732640.00 214117644982322944.00 214206972326912672.00 214296299671502624.00 214385627016093120.00 214474954360682912.00 
214564281705273248.00 214653609049863136.00 214742936394453376.00 214832263739043296.00 214921591083633408.00 215010918428223232.00 215100245772813536.00 215189573117403584.00 215278900461993536.00 215368227806583584.00 215457555151173216.00 215546882495763392.00 215636209840353472.00 215725537184943168.00 215814864529533824.00 215904191874124128.00 215993519218714144.00 216082846563303648.00 216172173907893504.00 216261501252484032.00 
216350828597073984.00 216440155941664128.00 216529483286254048.00 216618810630843872.00 216708137975434016.00 216797465320023648.00 216886792664614144.00 216976120009204064.00 217065447353794400.00 217154774698384480.00 217244102042974464.00 217333429387564128.00 217422756732154656.00 217512084076744832.00 217601411421334208.00 217690738765924416.00 217780066110514464.00 217869393455104896.00 217958720799695072.00 218048048144285056.00 
218137375488874752.00 218226702833464576.00 218316030178054912.00 218405357522644800.00 218494684867235008.00 218584012211824736.00 218673339556415200.00 218762666901005344.00 218851994245595040.00 218941321590185184.00 219030648934775136.00 219119976279365440.00 219209303623955072.00 219298630968545248.00 219387958313135392.00 219477285657725184.00 219566613002315328.00 219655940346905664.00 219745267691495392.00 219834595036085888.00 
219923922380675456.00 220013249725265600.00 220102577069855456.00 220191904414445824.00 220281231759035584.00 220370559103625568.00 220459886448215648.00 220549213792805728.00 220638541137395616.00 220727868481986176.00 220817195826575648.00 220906523171165408.00 220995850515755808.00 221085177860345920.00 221174505204935872.00 221263832549526080.00 221353159894116000.00 221442487238705856.00 221531814583296576.00 221621141927886528.00 
221710469272476768.00 221799796617066272.00 221889123961656128.00 221978451306246688.00 222067778650836768.00 222157105995426944.00 222246433340016352.00 222335760684606560.00 222425088029196736.00 222514415373787008.00 222603742718376320.00 222693070062967392.00 222782397407556672.00 222871724752146304.00 222961052096736672.00 223050379441327136.00 223139706785916928.00 223229034130506816.00 223318361475096512.00 223407688819686880.00 
223497016164276960.00 223586343508866912.00 223675670853457024.00 223764998198047072.00 223854325542637152.00 223943652887227168.00 224032980231817376.00 224122307576407392.00 224211634920997216.00 224300962265587360.00 224390289610177248.00 224479616954767808.00 224568944299357600.00 224658271643947520.00 224747598988537376.00 224836926333127936.00 224926253677717664.00 225015581022307328.00 225104908366897472.00 225194235711488288.00 
225283563056078144.00 225372890400667968.00 225462217745258016.00 225551545089847936.00 225640872434438016.00 225730199779028032.00 225819527123618176.00 225908854468207872.00 225998181812798400.00 226087509157388096.00 226176836501978336.00 226266163846568032.00 226355491191157888.00 226444818535748256.00 226534145880338368.00 226623473224928192.00 226712800569518464.00 226802127914108640.00 226891455258698912.00 226980782603288160.00 
227070109947878624.00 227159437292468512.00 227248764637058496.00 227338091981648448.00 227427419326238720.00 227516746670828832.00 227606074015419008.00 227695401360008768.00 227784728704598880.00 227874056049188832.00 227963383393778976.00 228052710738369056.00 228142038082958976.00 228231365427549856.00 228320692772138976.00 228410020116728960.00 228499347461319136.00 228588674805909408.00 228678002150499008.00 228767329495089120.00 
228856656839679168.00 228945984184269888.00 229035311528859136.00 229124638873449408.00 229213966218039456.00 229303293562629472.00 229392620907219712.00 229481948251809472.00 229571275596399552.00 229660602940990208.00 229749930285579648.00 229839257630169568.00 229928584974759648.00 230017912319350144.00 230107239663940320.00 230196567008529792.00 230285894353120672.00 230375221697710368.00 230464549042300192.00 230553876386890080.00 
230643203731480320.00 230732531076070208.00 230821858420660352.00 230911185765250272.00 231000513109840064.00 231089840454430304.00 231179167799020192.00 231268495143610432.00 231357822488200768.00 231447149832790304.00 231536477177380416.00 231625804521970560.00 231715131866560928.00 231804459211151040.00 231893786555740576.00 231983113900330720.00 232072441244920768.00 232161768589510976.00 232251095934100992.00 232340423278690784.00 
232429750623281056.00 232519077967871168.00 232608405312460512.00 232697732657050816.00 232787060001640416.00 232876387346231872.00 232965714690821536.00 233055042035411072.00 233144369380001152.00 233233696724591264.00 233323024069181536.00 233412351413771488.00 233501678758361568.00 233591006102951520.00 233680333447541280.00 233769660792131808.00 233858988136721536.00 233948315481311424.00 234037642825901248.00 234126970170491328.00 
234216297515081536.00 234305624859671968.00 234394952204261920.00 234484279548852192.00 234573606893442496.00 234662934238032160.00 234752261582621792.00 234841588927212032.00 234930916271802208.00 235020243616392192.00 235109570960981920.00 235198898305572192.00 235288225650161792.00 235377552994752352.00 235466880339341792.00 235556207683931808.00 235645535028521952.00 235734862373112288.00 235824189717702080.00 235913517062292160.00 
236002844406881856.00 236092171751472800.00 236181499096062304.00 236270826440652864.00 236360153785242496.00 236449481129832320.00 236538808474422656.00 236628135819012608.00 236717463163602720.00 236806790508192640.00 236896117852783200.00 236985445197372192.00 237074772541963264.00 237164099886552704.00 237253427231143424.00 237342754575733536.00 237432081920323488.00 237521409264912864.00 237610736609502976.00 237700063954093472.00 
237789391298683072.00 237878718643273120.00 237968045987863520.00 238057373332453344.00 238146700677043392.00 238236028021633664.00 238325355366223648.00 238414682710813344.00 238504010055403552.00 238593337399993408.00 238682664744583488.00 238771992089174176.00 238861319433763808.00 238950646778353984.00 239039974122944288.00 239129301467533856.00 239218628812123904.00 239307956156713664.00 239397283501303712.00 239486610845893728.00 
239575938190483744.00 239665265535073600.00 239754592879664160.00 239843920224254240.00 239933247568844480.00 240022574913434048.00 240111902258024192.00 240201229602613984.00 240290556947204384.00 240379884291794400.00 240469211636384608.00 240558538980974432.00 240647866325564384.00 240737193670154720.00 240826521014744384.00 240915848359334496.00 241005175703924288.00 241094503048514624.00 241183830393105184.00 241273157737694688.00 
241362485082284736.00 241451812426874112.00 241541139771464832.00 241630467116054720.00 241719794460645184.00 241809121805235072.00 241898449149824672.00 241987776494415072.00 242077103839005376.00 242166431183594624.00 242255758528185120.00 242345085872775104.00 242434413217365216.00 242523740561955552.00 242613067906545248.00 242702395251135264.00 242791722595725408.00 242881049940315232.00 242970377284905280.00 243059704629495744.00 
243149031974085696.00 243238359318675968.00 243327686663266272.00 243417014007855712.00 243506341352445824.00 243595668697035744.00 243684996041626336.00 243774323386215712.00 243863650730806368.00 243952978075395648.00 244042305419985920.00 244131632764576128.00 244220960109166048.00 244310287453756000.00 244399614798346272.00 244488942142936384.00 244578269487525888.00 244667596832116000.00 244756924176706272.00 244846251521296352.00 
244935578865886272.00 245024906210476672.00 245114233555066336.00 245203560899656576.00 245292888244246656.00 245382215588836544.00 245471542933426624.00 245560870278016800.00 245650197622605920.00 245739524967196960.00 245828852311787392.00 245918179656376480.00 246007507000967008.00 246096834345556960.00 246186161690147104.00 246275489034736672.00 246364816379327040.00 246454143723917056.00 246543471068507200.00 246632798413097088.00 
246722125757687040.00 246811453102277248.00 246900780446867456.00 246990107791457728.00 247079435136047328.00 247168762480637344.00 247258089825227424.00 247347417169817632.00 247436744514407296.00 247526071858997376.00 247615399203587520.00 247704726548177568.00 247794053892767424.00 247883381237357888.00 247972708581947744.00 248062035926537440.00 248151363271128192.00 248240690615718400.00 248330017960308288.00 248419345304898272.00 
248508672649488352.00 248597999994077920.00 248687327338667744.00 248776654683258400.00 248865982027848608.00 248955309372438912.00 249044636717028224.00 249133964061617824.00 249223291406208416.00 249312618750798368.00 249401946095388096.00 249491273439978400.00 249580600784568320.00 249669928129159136.00 249759255473748512.00 249848582818338400.00 249937910162928896.00 250027237507518880.00 250116564852109088.00 250205892196698880.00 
250295219541288672.00 250384546885878400.00 250473874230469056.00 250563201575058432.00 250652528919648608.00 250741856264239200.00 250831183608829216.00 250920510953418240.00 251009838298009408.00 251099165642598752.00 251188492987188480.00 251277820331779232.00 251367147676368800.00 251456475020959360.00 251545802365549312.00 251635129710139680.00 251724457054729056.00 251813784399319328.00 251903111743909344.00 251992439088499552.00 
252081766433090016.00 252171093777679648.00 252260421122270112.00 252349748466859616.00 252439075811449760.00 252528403156039104.00 252617730500629664.00 252707057845219616.00 252796385189810048.00 252885712534400128.00 252975039878990016.00 253064367223579840.00 253153694568170048.00 253243021912759680.00 253332349257350112.00 253421676601940192.00 253511003946530368.00 253600331291120384.00 253689658635709920.00 253778985980300128.00 
253868313324890272.00 253957640669480096.00 254046968014069920.00 254136295358660384.00 254225622703250368.00 254314950047840416.00 254404277392430848.00 254493604737020224.00 254582932081610720.00 254672259426200736.00 254761586770790720.00 254850914115380576.00 254940241459971104.00 255029568804560832.00 255118896149150496.00 255208223493740928.00 255297550838330816.00 255386878182921088.00 255476205527511072.00 255565532872100800.00 
255654860216690848.00 255744187561281216.00 255833514905870400.00 255922842250461728.00 256012169595051328.00 256101496939640960.00 256190824284230848.00 256280151628821696.00 256369478973411456.00 256458806318000928.00 256548133662591520.00 256637461007181504.00 256726788351771392.00 256816115696361600.00 256905443040951968.00 256994770385541824.00 257084097730131744.00 257173425074721824.00 257262752419311648.00 257352079763901664.00 
257441407108492064.00 257530734453081248.00 257620061797671328.00 257709389142262112.00 257798716486852512.00 257888043831442208.00 257977371176031904.00 258066698520622336.00 258156025865212512.00 258245353209801600.00 258334680554392096.00 258424007898982112.00 258513335243571968.00 258602662588162368.00 258691989932752416.00 258781317277342720.00 258870644621932224.00 258959971966522464.00 259049299311112160.00 259138626655702720.00 
259227954000292320.00 259317281344882432.00 259406608689473088.00 259495936034062368.00 259585263378652320.00 259674590723243136.00 259763918067832736.00 259853245412422880.00 259942572757012992.00 260031900101603232.00 260121227446193504.00 260210554790782944.00 260299882135372640.00 260389209479963296.00 260478536824553248.00 260567864169143200.00 260657191513732864.00 260746518858323040.00 260835846202913344.00 260925173547502592.00 
261014500892093312.00 261103828236684096.00 261193155581273760.00 261282482925863520.00 261371810270453312.00 261461137615044032.00 261550464959633600.00 261639792304223744.00 261729119648813504.00 261818446993403776.00 261907774337993760.00 261997101682583744.00 262086429027173888.00 262175756371763904.00 262265083716353632.00 262354411060944288.00 262443738405534432.00 262533065750124256.00 262622393094714176.00 262711720439303648.00 
262801047783894144.00 262890375128484224.00 262979702473074208.00 263069029817664448.00 263158357162253824.00 263247684506844448.00 263337011851434528.00 263426339196024896.00 263515666540614592.00 263604993885205056.00 263694321229794464.00 263783648574384384.00 263872975918975168.00 263962303263564704.00 264051630608154688.00 264140957952744480.00 264230285297334528.00 264319612641924640.00 264408939986514976.00 264498267331104832.00 
264587594675694752.00 264676922020285280.00 264766249364874784.00 264855576709465248.00 264944904054055168.00 265034231398644832.00 265123558743235040.00 265212886087825024.00 265302213432415104.00 265391540777005376.00 265480868121595328.00 265570195466185056.00 265659522810775360.00 265748850155365760.00 265838177499955744.00 265927504844545568.00 266016832189136192.00 266106159533725600.00 266195486878315808.00 266284814222906080.00 
266374141567495520.00 266463468912086080.00 266552796256675808.00 266642123601265920.00 266731450945855968.00 266820778290445728.00 266910105635036032.00 266999432979626112.00 267088760324216096.00 267178087668806112.00 267267415013396224.00 267356742357986368.00 267446069702576352.00 267535397047165920.00 267624724391756416.00 267714051736346592.00 267803379080936160.00 267892706425526272.00 267982033770116096.00 268071361114706368.00 
268160688459296448.00 268250015803886528.00 268339343148476800.00 268428670493066624.00 268517997837656544.00 268607325182246624.00 268696652526835904.00 268785979871426848.00 268875307216016800.00 268964634560606880.00 269053961905196736.00 269143289249786912.00 269232616594376736.00 269321943938966400.00 269411271283557440.00 269500598628147072.00 269589925972737088.00 269679253317326880.00 269768580661917280.00 269857908006506624.00 
269947235351097536.00 270036562695687456.00 270125890040276992.00 270215217384867200.00 270304544729457760.00 270393872074047392.00 270483199418637312.00 270572526763227200.00 270661854107817216.00 270751181452407008.00 270840508796997728.00 270929836141587808.00 271019163486177696.00 271108490830767936.00 271197818175357728.00 271287145519947584.00 271376472864537856.00 271465800209128032.00 271555127553717856.00 271644454898308416.00 
271733782242898112.00 271823109587488256.00 271912436932078208.00 272001764276668672.00 272091091621258048.00 272180418965848224.00 272269746310438368.00 272359073655028288.00 272448400999618784.00 272537728344208608.00 272627055688798336.00 272716383033388608.00 272805710377978368.00 272895037722568384.00 272984365067158368.00 273073692411748064.00 273163019756338944.00 273252347100929088.00 273341674445518752.00 273431001790108768.00 
273520329134698624.00 273609656479288704.00 273698983823878528.00 273788311168468704.00 273877638513059008.00 273966965857648704.00 274056293202239104.00 274145620546829024.00 274234947891419296.00 274324275236008896.00 274413602580599200.00 274502929925189088.00 274592257269779360.00 274681584614369536.00 274770911958959584.00 274860239303549696.00 274949566648139680.00 275038893992730304.00 275128221337319520.00 275217548681909472.00 
275306876026500064.00 275396203371089632.00 275485530715679904.00 275574858060269760.00 275664185404859968.00 275753512749449120.00 275842840094039712.00 275932167438629568.00 276021494783219840.00 276110822127810016.00 276200149472400000.00 276289476816990368.00 276378804161580544.00 276468131506169888.00 276557458850760224.00 276646786195350272.00 276736113539940736.00 276825440884530496.00 276914768229120480.00 277004095573710496.00 
277093422918300320.00 277182750262890016.00 277272077607480384.00 277361404952070592.00 277450732296660960.00 277540059641250400.00 277629386985840608.00 277718714330431072.00 277808041675021152.00 277897369019611072.00 277986696364200384.00 278076023708791072.00 278165351053381088.00 278254678397970304.00 278344005742560768.00 278433333087150784.00 278522660431741408.00 278611987776331200.00 278701315120920416.00 278790642465511104.00 
278879969810101664.00 278969297154691360.00 279058624499281152.00 279147951843871456.00 279237279188461440.00 279326606533051360.00 279415933877641184.00 279505261222231808.00 279594588566821824.00 279683915911412000.00 279773243256001248.00 279862570600591648.00 279951897945181440.00 280041225289771264.00 280130552634361984.00 280219879978952256.00 280309207323542336.00 280398534668131424.00 280487862012722560.00 280577189357312000.00 
280666516701901984.00 280755844046491936.00 280845171391082112.00 280934498735672032.00 281023826080261856.00 281113153424851968.00 281202480769441824.00 281291808114032544.00 281381135458621568.00 281470462803211712.00 281559790147802656.00 281649117492392416.00 281738444836981600.00 281827772181572640.00 281917099526162304.00 282006426870752608.00 282095754215342432.00 282185081559932480.00 282274408904522400.00 282363736249112608.00 
282453063593702496.00 282542390938292672.00 282631718282883040.00 282721045627472992.00 282810372972062976.00 282899700316653344.00 282989027661243136.00 283078355005833024.00 283167682350423392.00 283257009695013152.00 283346337039603040.00 283435664384192832.00 283524991728783104.00 283614319073373120.00 283703646417963296.00 283792973762553472.00 283882301107143104.00 283971628451733024.00 284060955796323360.00 284150283140913280.00 
284239610485503520.00 284328937830093440.00 284418265174684000.00 284507592519273696.00 284596919863863744.00 284686247208454080.00 284775574553043392.00 284864901897633824.00 284954229242223616.00 285043556586813600.00 285132883931404192.00 285222211275993760.00 285311538620583552.00 285400865965174016.00 285490193309763936.00 285579520654353984.00 285668847998944480.00 285758175343534016.00 285847502688124000.00 285936830032714368.00 
286026157377304288.00 286115484721894208.00 286204812066484608.00 286294139411074400.00 286383466755664416.00 286472794100254368.00 286562121444843968.00 286651448789434560.00 286740776134024768.00 286830103478614400.00 286919430823204768.00 287008758167794784.00 287098085512384800.00 287187412856974528.00 287276740201564640.00 287366067546154016.00 287455394890744768.00 287544722235334944.00 287634049579925024.00 287723376924514880.00 
287812704269104992.00 287902031613694464.00 287991358958284512.00 288080686302875072.00 288170013647465536.00 288259340992055296.00 288348668336644992.00 288437995681235520.00 288527323025825280.00 288616650370415296.00 288705977715005504.00 288795305059595520.00 288884632404185344.00 288973959748775104.00 289063287093365184.00 289152614437955392.00 289241941782545600.00 289331269127136064.00 289420596471726272.00 289509923816315392.00 
289599251160905600.00 289688578505495936.00 289777905850085632.00 289867233194675648.00 289956560539265664.00 290045887883855936.00 290135215228445824.00 290224542573035904.00 290313869917626688.00 290403197262216640.00 290492524606806208.00 290581851951396608.00 290671179295985856.00 290760506640576320.00 290849833985166400.00 290939161329756672.00 291028488674345920.00 291117816018936768.00 291207143363526592.00 291296470708116992.00 
291385798052706816.00 291475125397296832.00 291564452741886016.00 291653780086477056.00 291743107431066880.00 291832434775656832.00 291921762120247040.00 292011089464836416.00 292100416809426880.00 292189744154016512.00 292279071498606976.00 292368398843196416.00 292457726187787072.00 292547053532377152.00 292636380876966720.00 292725708221557504.00 292815035566147584.00 292904362910736640.00 292993690255327168.00 293083017599917376.00 
293172344944507072.00 293261672289097152.00 293350999633687296.00 293440326978277440.00 293529654322868160.00 293618981667457408.00 293708309012048128.00 293797636356637504.00 293886963701227904.00 293976291045817792.00 294065618390408064.00 294154945734997440.00 294244273079587840.00 294333600424177984.00 294422927768768192.00 294512255113357888.00 294601582457947968.00 294690909802538112.00 294780237147128512.00 294869564491718016.00 
294958891836308032.00 295048219180898496.00 295137546525488448.00 295226873870078720.00 295316201214668672.00 295405528559258368.00 295494855903848576.00 295584183248438016.00 295673510593028608.00 295762837937618688.00 295852165282208896.00 295941492626798272.00 296030819971388544.00 296120147315978432.00 296209474660568640.00 296298802005159040.00 296388129349749056.00 296477456694339072.00 296566784038928640.00 296656111383518848.00 
296745438728108800.00 296834766072699072.00 296924093417289216.00 297013420761879744.00 297102748106469248.00 297192075451059200.00 297281402795648448.00 297370730140239104.00 297460057484829760.00 297549384829419456.00 297638712174008448.00 297728039518599424.00 297817366863189440.00 297906694207779456.00 297996021552369408.00 298085348896959232.00 298174676241549504.00 298264003586139904.00 298353330930729472.00 298442658275318656.00 
298531985619909696.00 298621312964500096.00 298710640309089600.00 298799967653679040.00 298889294998269760.00 298978622342859904.00 299067949687449920.00 299157277032039808.00 299246604376629888.00 299335931721220032.00 299425259065809792.00 299514586410399616.00 299603913754990592.00 299693241099580416.00 299782568444169920.00 299871895788760064.00 299961223133350080.00 300050550477940224.00 300139877822530944.00 300229205167120768.00 
300318532511710208.00 300407859856300736.00 300497187200890432.00 300586514545480448.00 300675841890070464.00 300765169234660288.00 300854496579250176.00 300943823923840448.00 301033151268430848.00 301122478613020608.00 301211805957610240.00 301301133302201536.00 301390460646791040.00 301479787991380480.00 301569115335970944.00 301658442680561024.00 301747770025150912.00 301837097369740864.00 301926424714331072.00 302015752058920832.00 
302105079403511488.00 302194406748101760.00 302283734092691264.00 302373061437281856.00 302462388781871104.00 302551716126461760.00 302641043471051136.00 302730370815641472.00 302819698160231168.00 302909025504821632.00 302998352849411584.00 303087680194001920.00 303177007538591872.00 303266334883181696.00 303355662227771648.00 303444989572361536.00 303534316916951360.00 303623644261542272.00 303712971606132096.00 303802298950721792.00 
303891626295312064.00 303980953639902272.00 304070280984491968.00 304159608329082368.00 304248935673671872.00 304338263018262208.00 304427590362852032.00 304516917707442048.00 304606245052032192.00 304695572396622080.00 304784899741212288.00 304874227085803008.00 304963554430392192.00 305052881774982208.00 305142209119572416.00 305231536464162368.00 305320863808753152.00 305410191153342912.00 305499518497932288.00 305588845842522880.00 
305678173187112896.00 305767500531701888.00 305856827876293120.00 305946155220882816.00 306035482565473216.00 306124809910062784.00 306214137254652736.00 306303464599243328.00 306392791943833216.00 306482119288423168.00 306571446633012608.00 306660773977603392.00 306750101322193088.00 306839428666784000.00 306928756011373312.00 307018083355963392.00 307107410700553152.00 307196738045143680.00 307286065389733120.00 307375392734323648.00 
307464720078913536.00 307554047423503936.00 307643374768093312.00 307732702112683776.00 307822029457273600.00 307911356801864000.00 308000684146453440.00 308090011491044160.00 308179338835633728.00 308268666180224448.00 308357993524813824.00 308447320869403328.00 308536648213993792.00 308625975558583552.00 308715302903174784.00 308804630247763904.00 308893957592354240.00 308983284936943936.00 309072612281534016.00 309161939626123968.00 
309251266970714368.00 309340594315304192.00 309429921659894272.00 309519249004484928.00 309608576349074944.00 309697903693663872.00 309787231038254528.00 309876558382844224.00 309965885727434432.00 310055213072024832.00 310144540416614784.00 310233867761204736.00 310323195105795072.00 310412522450384192.00 310501849794974912.00 310591177139564864.00 310680504484154688.00 310769831828745152.00 310859159173335168.00 310948486517925440.00 
311037813862514304.00 311127141207105344.00 311216468551695104.00 311305795896285568.00 311395123240875456.00 311484450585465344.00 311573777930055296.00 311663105274645440.00 311752432619236224.00 311841759963825344.00 311931087308416064.00 312020414653005696.00 312109741997596160.00 312199069342186048.00 312288396686775616.00 312377724031365568.00 312467051375955712.00 312556378720545664.00 312645706065135296.00 312735033409725760.00 
312824360754315520.00 312913688098906112.00 313003015443495808.00 313092342788085632.00 313181670132676416.00 313270997477266432.00 313360324821855232.00 313449652166445632.00 313538979511035456.00 313628306855626240.00 313717634200216128.00 313806961544805824.00 313896288889395840.00 313985616233986176.00 314074943578576640.00 314164270923166912.00 314253598267756032.00 314342925612346176.00 314432252956936640.00 314521580301527040.00 
314610907646116096.00 314700234990706304.00 314789562335296768.00 314878889679886720.00 314968217024476608.00 315057544369066432.00 315146871713656896.00 315236199058247296.00 315325526402836864.00 315414853747426688.00 315504181092017664.00 315593508436606976.00 315682835781197696.00 315772163125787200.00 315861490470377152.00 315950817814968256.00 316040145159557056.00 316129472504146944.00 316218799848737856.00 316308127193327296.00 
316397454537917184.00 316486781882507200.00 316576109227097600.00 316665436571688256.00 316754763916277120.00 316844091260867648.00 316933418605457408.00 317022745950047488.00 317112073294638144.00 317201400639227904.00 317290727983817856.00 317380055328408192.00 317469382672997888.00 317558710017587712.00 317648037362177664.00 317737364706768896.00 317826692051357568.00 317916019395948224.00 318005346740538368.00 318094674085128320.00 
318184001429718336.00 318273328774308288.00 318362656118898304.00 318451983463488704.00 318541310808078464.00 318630638152668288.00 318719965497258496.00 318809292841847680.00 318898620186438464.00 318987947531028544.00 319077274875618816.00 319166602220208448.00 319255929564798464.00 319345256909388992.00 319434584253978560.00 319523911598568832.00 319613238943159296.00 319702566287748800.00 319791893632339328.00 319881220976929664.00 
319970548321519040.00 320059875666108928.00 320149203010699392.00 320238530355288960.00 320327857699878592.00 320417185044469184.00 320506512389060160.00 320595839733649792.00 320685167078239360.00 320774494422829184.00 320863821767419136.00 320953149112009280.00 321042476456599488.00 321131803801189568.00 321221131145779392.00 321310458490369280.00 321399785834959616.00 321489113179549312.00 321578440524139136.00 321667767868729920.00 
321757095213319872.00 321846422557908992.00 321935749902499328.00 322025077247089600.00 322114404591680128.00 322203731936269824.00 322293059280860544.00 322382386625450240.00 322471713970039680.00 322561041314630016.00 322650368659219648.00 322739696003810240.00 322829023348400000.00 322918350692990208.00 323007678037580224.00 323097005382169920.00 323186332726760640.00 323275660071350336.00 323364987415940096.00 323454314760530176.00 
323543642105120192.00 323632969449710272.00 323722296794299968.00 323811624138891008.00 323900951483480448.00 323990278828070592.00 324079606172660992.00 324168933517250560.00 324258260861840512.00 324347588206430592.00 324436915551020736.00 324526242895611008.00 324615570240201216.00 324704897584791296.00 324794224929380736.00 324883552273971712.00 324972879618560576.00 325062206963151488.00 325151534307741184.00 325240861652331328.00 
325330188996921280.00 325419516341511936.00 325508843686101696.00 325598171030690944.00 325687498375281088.00 325776825719872064.00 325866153064461504.00 325955480409052288.00 326044807753641152.00 326134135098231424.00 326223462442822144.00 326312789787412032.00 326402117132001600.00 326491444476592256.00 326580771821181952.00 326670099165772352.00 326759426510362240.00 326848753854951040.00 326938081199542528.00 327027408544132544.00 
327116735888722432.00 327206063233312000.00 327295390577901760.00 327384717922491520.00 327474045267081920.00 327563372611672576.00 327652699956261952.00 327742027300852544.00 327831354645442560.00 327920681990032448.00 328010009334622400.00 328099336679212480.00 328188664023802944.00 328277991368392896.00 328367318712982656.00 328456646057572672.00 328545973402162752.00 328635300746753088.00 328724628091342784.00 328813955435932864.00 
328903282780523008.00 328992610125112192.00 329081937469703616.00 329171264814293248.00 329260592158882624.00 329349919503472832.00 329439246848063424.00 329528574192653248.00 329617901537243136.00 329707228881833664.00 329796556226423296.00 329885883571013760.00 329975210915603968.00 330064538260193344.00 330153865604783744.00 330243192949373376.00 330332520293963776.00 330421847638553280.00 330511174983143680.00 330600502327733312.00 
330689829672323456.00 330779157016913536.00 330868484361503680.00 330957811706093568.00 331047139050684032.00 331136466395274368.00 331225793739863680.00 331315121084454336.00 331404448429043264.00 331493775773633280.00 331583103118223872.00 331672430462813760.00 331761757807403584.00 331851085151994240.00 331940412496584256.00 332029739841173888.00 332119067185764224.00 332208394530353536.00 332297721874943808.00 332387049219534144.00 
332476376564125056.00 332565703908714240.00 332655031253304704.00 332744358597894272.00 332833685942484544.00 332923013287075072.00 333012340631665472.00 333101667976254016.00 333190995320844864.00 333280322665434624.00 333369650010024192.00 333458977354615616.00 333548304699204736.00 333637632043795008.00 333726959388385152.00 333816286732975872.00 333905614077565248.00 333994941422155200.00 334084268766745088.00 334173596111335360.00 
334262923455924928.00 334352250800515456.00 334441578145106048.00 334530905489695552.00 334620232834285696.00 334709560178874752.00 334798887523465472.00 334888214868055488.00 334977542212644992.00 335066869557235968.00 335156196901825984.00 335245524246416064.00 335334851591006336.00 335424178935595584.00 335513506280186240.00 335602833624776064.00 335692160969365248.00 335781488313956096.00 335870815658545664.00 335960143003136384.00 
336049470347726080.00 336138797692315904.00 336228125036906112.00 336317452381496320.00 336406779726086848.00 336496107070676736.00 336585434415266560.00 336674761759856576.00 336764089104446528.00 336853416449036416.00 336942743793626304.00 337032071138216576.00 337121398482806208.00 337210725827396288.00 337300053171986176.00 337389380516577216.00 337478707861166848.00 337568035205757056.00 337657362550346688.00 337746689894936704.00 
337836017239526208.00 337925344584116480.00 338014671928707136.00 338103999273296256.00 338193326617886720.00 338282653962477632.00 338371981307067328.00 338461308651657536.00 338550635996247488.00 338639963340836800.00 338729290685427520.00 338818618030017024.00 338907945374607360.00 338997272719197312.00 339086600063786560.00 339175927408378496.00 339265254752967808.00 339354582097557504.00 339443909442147648.00 339533236786737472.00 
339622564131327936.00 339711891475916672.00 339801218820507456.00 339890546165098688.00 339979873509687616.00 340069200854277376.00 340158528198867328.00 340247855543457664.00 340337182888047168.00 340426510232637568.00 340515837577227712.00 340605164921818560.00 340694492266407552.00 340783819610997504.00 340873146955588352.00 340962474300177984.00 341051801644768576.00 341141128989358400.00 341230456333947648.00 341319783678538688.00 
341409111023128192.00 341498438367718784.00 341587765712308992.00 341677093056898176.00 341766420401489280.00 341855747746078720.00 341945075090668800.00 342034402435258752.00 342123729779848064.00 342213057124437824.00 342302384469028992.00 342391711813618432.00 342481039158209664.00 342570366502798976.00 342659693847387712.00 342749021191978624.00 342838348536568512.00 342927675881159040.00 343017003225749376.00 343106330570338880.00 
343195657914928832.00 343284985259519360.00 343374312604108672.00 343463639948699136.00 343552967293289152.00 343642294637879872.00 343731621982469760.00 343820949327059072.00 343910276671649408.00 343999604016239872.00 344088931360829760.00 344178258705419328.00 344267586050009152.00 344356913394599040.00 344446240739189376.00 344535568083780096.00 344624895428369408.00 344714222772959424.00 344803550117549632.00 344892877462139776.00 
344982204806730112.00 345071532151318912.00 345160859495909760.00 345250186840500096.00 345339514185090112.00 345428841529680576.00 345518168874270400.00 345607496218860544.00 345696823563449792.00 345786150908040256.00 345875478252630272.00 345964805597220288.00 346054132941811008.00 346143460286400640.00 346232787630990592.00 346322114975580288.00 346411442320170624.00 346500769664760448.00 346590097009350656.00 346679424353940800.00 
346768751698530624.00 346858079043121024.00 346947406387710144.00 347036733732301056.00 347126061076891072.00 347215388421481280.00 347304715766071872.00 347394043110661248.00 347483370455251008.00 347572697799840128.00 347662025144430848.00 347751352489020800.00 347840679833611648.00 347930007178201024.00 348019334522791424.00 348108661867381504.00 348197989211970944.00 348287316556561024.00 348376643901151360.00 348465971245740864.00 
348555298590331776.00 348644625934920896.00 348733953279511680.00 348823280624101440.00 348912607968691648.00 349001935313281920.00 349091262657870784.00 349180590002461568.00 349269917347051712.00 349359244691642112.00 349448572036232320.00 349537899380822336.00 349627226725412416.00 349716554070001856.00 349805881414591488.00 349895208759182272.00 349984536103771776.00 350073863448361856.00 350163190792951232.00 350252518137541952.00 
350341845482131904.00 350431172826722240.00 350520500171312704.00 350609827515902144.00 350699154860491840.00 350788482205081792.00 350877809549672320.00 350967136894262848.00 351056464238852544.00 351145791583442176.00 351235118928032640.00 351324446272622528.00 351413773617213184.00 351503100961803200.00 351592428306392768.00 351681755650982336.00 351771082995572416.00 351860410340162688.00 351949737684753024.00 352039065029343296.00 
352128392373933312.00 352217719718522944.00 352307047063113024.00 352396374407703168.00 352485701752292736.00 352575029096882368.00 352664356441473536.00 352753683786063104.00 352843011130652928.00 352932338475243520.00 353021665819833280.00 353110993164423552.00 353200320509013952.00 353289647853604416.00 353378975198193152.00 353468302542783040.00 353557629887374272.00 353646957231963776.00 353736284576553792.00 353825611921143360.00 
353914939265733440.00 354004266610323584.00 354093593954913728.00 354182921299503744.00 354272248644093760.00 354361575988683968.00 354450903333273856.00 354540230677863552.00 354629558022453952.00 354718885367043840.00 354808212711633664.00 354897540056223232.00 354986867400813248.00 355076194745404608.00 355165522089994560.00 355254849434584320.00 355344176779174464.00 355433504123764352.00 355522831468353664.00 355612158812943616.00 
355701486157534784.00 355790813502123776.00 355880140846714880.00 355969468191304768.00 356058795535894208.00 356148122880483776.00 356237450225074944.00 356326777569664768.00 356416104914254912.00 356505432258844672.00 356594759603434624.00 356684086948025792.00 356773414292615296.00 356862741637205568.00 356952068981794688.00 357041396326385024.00 357130723670975296.00 357220051015565120.00 357309378360154688.00 
