21751122431.37 
43502244862.75 65253367294.12 87004489725.49 108755612156.86 130506734588.24 152257857019.61 174008979450.98 195760101882.36 217511224313.73 239262346745.10 261013469176.47 282764591607.85 304515714039.22 326266836470.59 348017958901.97 369769081333.34 391520203764.71 413271326196.08 435022448627.46 456773571058.83 
478524693490.20 500275815921.58 522026938352.95 543778060784.32 565529183215.69 587280305647.07 609031428078.44 630782550509.81 652533672941.19 674284795372.56 696035917803.93 717787040235.30 739538162666.68 761289285098.05 783040407529.42 804791529960.80 826542652392.17 848293774823.54 870044897254.92 891796019686.29 
913547142117.66 935298264549.03 957049386980.41 978800509411.78 1000551631843.15 1022302754274.53 1044053876705.90 1065804999137.27 1087556121568.64 1109307244000.02 1131058366431.39 1152809488862.76 1174560611294.14 1196311733725.51 1218062856156.88 1239813978588.25 1261565101019.63 1283316223451.00 1305067345882.37 1326818468313.75 
1348569590745.12 1370320713176.49 1392071835607.86 1413822958039.24 1435574080470.61 1457325202901.98 1479076325333.36 1500827447764.73 1522578570196.10 1544329692627.48 1566080815058.85 1587831937490.22 1609583059921.59 1631334182352.97 1653085304784.34 1674836427215.71 1696587549647.08 1718338672078.46 1740089794509.83 1761840916941.20 
1783592039372.58 1805343161803.95 1827094284235.32 1848845406666.70 1870596529098.07 1892347651529.44 1914098773960.81 1935849896392.19 1957601018823.56 1979352141254.93 2001103263686.31 2022854386117.68 2044605508549.05 2066356630980.42 2088107753411.80 2109858875843.17 2131609998274.54 2153361120705.92 2175112243137.29 2196863365568.66 
2218614488000.03 2240365610431.41 2262116732862.78 2283867855294.15 2305618977725.53 2327370100156.90 2349121222588.27 2370872345019.65 2392623467451.02 2414374589882.39 2436125712313.76 2457876834745.14 2479627957176.51 2501379079607.88 2523130202039.25 2544881324470.63 2566632446902.00 2588383569333.37 2610134691764.75 2631885814196.12 
2653636936627.49 2675388059058.86 2697139181490.24 2718890303921.61 2740641426352.98 2762392548784.36 2784143671215.73 2805894793647.10 2827645916078.48 2849397038509.85 2871148160941.22 2892899283372.60 2914650405803.97 2936401528235.34 2958152650666.71 2979903773098.09 3001654895529.46 3023406017960.83 3045157140392.20 3066908262823.58 
3088659385254.95 3110410507686.32 3132161630117.70 3153912752549.07 3175663874980.44 3197414997411.81 3219166119843.18 3240917242274.56 3262668364705.93 3284419487137.31 3306170609568.68 3327921732000.05 3349672854431.42 3371423976862.80 3393175099294.17 3414926221725.54 3436677344156.92 3458428466588.29 3480179589019.66 3501930711451.03 
3523681833882.41 3545432956313.78 3567184078745.16 3588935201176.52 3610686323607.90 3632437446039.27 3654188568470.65 3675939690902.02 3697690813333.39 3719441935764.76 3741193058196.14 3762944180627.51 3784695303058.88 3806446425490.25 3828197547921.63 3849948670353.00 3871699792784.37 3893450915215.75 3915202037647.12 3936953160078.49 
3958704282509.87 3980455404941.24 4002206527372.61 4023957649803.98 4045708772235.36 4067459894666.73 4089211017098.10 4110962139529.48 4132713261960.85 4154464384392.22 4176215506823.59 4197966629254.97 4219717751686.34 4241468874117.71 4263219996549.09 4284971118980.46 4306722241411.83 4328473363843.20 4350224486274.58 4371975608705.95 
4393726731137.32 4415477853568.70 4437228976000.07 4458980098431.44 4480731220862.82 4502482343294.19 4524233465725.56 4545984588156.93 4567735710588.31 4589486833019.68 4611237955451.05 4632989077882.42 4654740200313.80 4676491322745.17 4698242445176.54 4719993567607.92 4741744690039.29 4763495812470.66 4785246934902.04 4806998057333.41 
4828749179764.78 4850500302196.15 4872251424627.53 4894002547058.90 4915753669490.27 4937504791921.65 4959255914353.02 4981007036784.39 5002758159215.76 5024509281647.14 5046260404078.51 5068011526509.88 5089762648941.25 5111513771372.63 5133264893804.00 5155016016235.38 5176767138666.75 5198518261098.12 5220269383529.49 5242020505960.87 
5263771628392.24 5285522750823.61 5307273873254.99 5329024995686.36 5350776118117.73 5372527240549.10 5394278362980.47 5416029485411.85 5437780607843.22 5459531730274.59 5481282852705.97 5503033975137.34 5524785097568.71 5546536220000.09 5568287342431.46 5590038464862.83 5611789587294.20 5633540709725.58 5655291832156.95 5677042954588.32 
5698794077019.70 5720545199451.07 5742296321882.44 5764047444313.82 5785798566745.19 5807549689176.56 5829300811607.93 5851051934039.31 5872803056470.68 5894554178902.05 5916305301333.42 5938056423764.80 5959807546196.17 5981558668627.54 6003309791058.92 6025060913490.29 6046812035921.66 6068563158353.04 6090314280784.41 6112065403215.78 
6133816525647.15 6155567648078.53 6177318770509.90 6199069892941.27 6220821015372.65 6242572137804.02 6264323260235.39 6286074382666.77 6307825505098.13 6329576627529.51 6351327749960.88 6373078872392.26 6394829994823.63 6416581117255.00 6438332239686.37 6460083362117.74 6481834484549.12 6503585606980.49 6525336729411.87 6547087851843.24 
6568838974274.61 6590590096705.99 6612341219137.36 6634092341568.73 6655843464000.11 6677594586431.47 6699345708862.85 6721096831294.23 6742847953725.59 6764599076156.97 6786350198588.34 6808101321019.71 6829852443451.09 6851603565882.46 6873354688313.83 6895105810745.20 6916856933176.58 6938608055607.95 6960359178039.33 6982110300470.69 
7003861422902.07 7025612545333.44 7047363667764.82 7069114790196.19 7090865912627.57 7112617035058.93 7134368157490.31 7156119279921.68 7177870402353.05 7199621524784.42 7221372647215.80 7243123769647.17 7264874892078.54 7286626014509.91 7308377136941.29 7330128259372.66 7351879381804.03 7373630504235.41 7395381626666.78 7417132749098.15 
7438883871529.53 7460634993960.90 7482386116392.27 7504137238823.65 7525888361255.02 7547639483686.39 7569390606117.77 7591141728549.13 7612892850980.51 7634643973411.88 7656395095843.25 7678146218274.63 7699897340706.00 7721648463137.37 7743399585568.75 7765150708000.12 7786901830431.49 7808652952862.87 7830404075294.24 7852155197725.61 
7873906320156.98 7895657442588.36 7917408565019.73 7939159687451.10 7960910809882.48 7982661932313.85 8004413054745.22 8026164177176.60 8047915299607.97 8069666422039.34 8091417544470.71 8113168666902.08 8134919789333.46 8156670911764.83 8178422034196.21 8200173156627.58 8221924279058.95 8243675401490.32 8265426523921.70 8287177646353.07 
8308928768784.45 8330679891215.81 8352431013647.19 8374182136078.55 8395933258509.93 8417684380941.30 8439435503372.68 8461186625804.06 8482937748235.43 8504688870666.80 8526439993098.17 8548191115529.54 8569942237960.92 8591693360392.29 8613444482823.66 8635195605255.03 8656946727686.41 8678697850117.78 8700448972549.16 8722200094980.53 
8743951217411.90 8765702339843.27 8787453462274.65 8809204584706.02 8830955707137.39 8852706829568.76 8874457952000.14 8896209074431.51 8917960196862.88 8939711319294.26 8961462441725.63 8983213564157.00 9004964686588.38 9026715809019.75 9048466931451.12 9070218053882.50 9091969176313.87 9113720298745.24 9135471421176.61 9157222543607.99 
9178973666039.36 9200724788470.74 9222475910902.11 9244227033333.47 9265978155764.85 9287729278196.22 9309480400627.60 9331231523058.96 9352982645490.35 9374733767921.71 9396484890353.09 9418236012784.46 9439987135215.84 9461738257647.21 9483489380078.58 9505240502509.96 9526991624941.33 9548742747372.69 9570493869804.07 9592244992235.45 
9613996114666.81 9635747237098.19 9657498359529.56 9679249481960.93 9701000604392.30 9722751726823.67 9744502849255.05 9766253971686.43 9788005094117.80 9809756216549.17 9831507338980.54 9853258461411.91 9875009583843.29 9896760706274.66 9918511828706.04 9940262951137.41 9962014073568.78 9983765196000.15 10005516318431.53 10027267440862.90 
10049018563294.28 10070769685725.64 10092520808157.02 10114271930588.38 10136023053019.76 10157774175451.14 10179525297882.51 10201276420313.88 10223027542745.25 10244778665176.63 10266529787607.99 10288280910039.37 10310032032470.75 10331783154902.12 10353534277333.49 10375285399764.88 10397036522196.24 10418787644627.60 10440538767058.98 10462289889490.36 
10484041011921.74 10505792134353.11 10527543256784.47 10549294379215.84 10571045501647.21 10592796624078.59 10614547746509.97 10636298868941.34 10658049991372.72 10679801113804.08 10701552236235.46 10723303358666.83 10745054481098.21 10766805603529.57 10788556725960.95 10810307848392.32 10832058970823.69 10853810093255.07 10875561215686.43 
